0,4,4287.807461114121
1,5,4288.21731278396
2,6,4288.336205030881
3,7,4288.170536647007
4,8,4287.7396897307735
5,9,4287.066280038687
6,10,4286.179061708145
7,11,4285.110102714325
8,12,4283.891780731356
9,13,4282.556810161413
10,14,4281.133904319568
11,15,4279.656364632529
12,16,4278.148298307908
13,17,4276.634600452534
14,18,4275.143080713728
15,19,4273.693923724669
16,20,4272.312026990854
17,21,4271.022209279554
18,22,4269.850884385608
19,23,4268.823324656614
20,24,4267.967605247195
21,25,4267.310304979616
22,26,4266.877694870024
23,27,4266.68539092628
24,28,4266.759816119019
25,29,4267.108331408863
26,30,4267.731409011408
27,31,4268.631985855941
28,32,4269.782656452236
29,33,4271.165198584957
30,34,4272.73872893992
31,35,4274.4641761537405
32,36,4276.290578365742
33,37,4278.156613509418
34,38,4280.00974507764
35,39,4281.7840189844555
36,0,4283.425271389628
37,1,4284.887523529784
38,2,4286.1244704504
39,3,4287.105360251867
40,44,4288.04872002135
41,45,4288.313082287844
42,46,4288.288317875035
43,47,4287.987258715975
44,48,4287.431568577567
45,49,4286.647520598803
46,50,4285.664501656278
47,51,4284.517697806363
48,52,4283.236780684578
49,53,4281.85374462767
50,54,4280.400850986163
51,55,4278.904440142669
52,56,4277.391629713047
53,57,4275.885076100558
54,58,4274.411780924027
55,59,4272.992752940164
56,60,4271.652633604016
57,61,4270.420587991862
58,62,4269.317403689124
59,63,4268.3729063963465
60,64,4267.612902330277
61,65,4267.065334306716
62,66,4266.748454432833
63,67,4266.688001818994
64,68,4266.899721369739
65,69,4267.38476360478
66,70,4268.149487879848
67,71,4269.17741997536
68,72,4270.44737639678
69,73,4271.9316152901565
70,74,4273.585914927261
71,75,4275.367942300188
72,76,4277.222077060865
73,77,4279.087479116088
74,78,4280.909900609228
75,79,4282.6254404962965
76,40,4284.181774976115
77,41,4285.535981103729
78,42,4286.648571552951
79,43,4287.491323893846
80,84,4287.80746111412
81,85,4288.21754893785
82,86,4288.335968877678
83,87,4288.170536647006
84,88,4287.739689730774
85,89,4287.066043878047
86,90,4286.1792978739695
87,91,4285.110073192817
88,92,4283.891780731356
89,93,4282.556810161413
90,94,4281.134140514854
91,95,4279.656630361921
92,96,4278.148298307909
93,97,4276.634600452534
94,98,4275.142844483521
95,99,4273.693687486019
96,100,4272.312026990854
97,101,4271.022209279554
98,102,4269.850884385609
99,103,4268.823324656613
100,104,4267.967605247194
101,105,4267.31077753127
102,106,4266.877222313406
103,107,4266.685863485191
104,108,4266.759343560993
105,109,4267.1083314088655
106,110,4267.732606108829
107,111,4268.631040783451
108,112,4269.783601497926
109,113,4271.165198584954
110,114,4272.738476966973
111,115,4274.46512109039
112,116,4276.289633471641
113,117,4278.156613509418
114,118,4280.009272673982
115,119,4281.783546601522
116,80,4283.425743753423
117,81,4284.88705118298
118,82,4286.1244704504
119,83,4287.105360251866
120,124,4288.048956176245
121,125,4288.313082287843
122,126,4288.288317875036
123,127,4287.9873767936
124,128,4287.4313619388795
125,129,4286.647520598802
126,130,4285.664501656277
127,131,4284.517579718596
128,132,4283.236751161701
129,133,4281.85374462767
130,134,4280.401087185718
131,135,4278.904440142669
132,136,4277.391629713047
133,137,4275.885076100558
134,138,4274.411544689568
135,139,4272.992752940165
136,140,4271.652633604016
137,141,4270.420587991862
138,142,4269.316931160875
139,143,4268.372906396346
140,144,4267.612429782196
141,145,4267.064861752311
142,146,4266.748454432834
143,147,4266.688474377844
144,148,4266.900666482532
145,149,4267.385015610969
146,150,4268.150432963538
147,151,4269.176474915561
148,152,4270.447376396779
149,153,4271.932308307881
150,154,4273.585914927261
151,155,4275.3688872157645
152,156,4277.22160462466
153,157,4279.087006701625
154,158,4280.909428216065
155,159,4282.624968123125
156,120,4284.181774976114
157,121,4285.53598110373
158,122,4286.648571552951
159,123,4287.491323893846
160,164,4287.80746111412
161,165,4288.21754893785
162,166,4288.33620503088
163,167,4288.170536647005
164,168,4287.739734010154
165,169,4287.066043878047
166,170,4286.17929787397
167,171,4285.11019127885
168,172,4283.89173644776
169,173,4282.556810161413
170,174,4281.134140514855
171,175,4279.656512259969
172,176,4278.148298307908
173,177,4276.634600452534
174,178,4275.142844483521
175,179,4273.693687486019
176,180,4272.312499484315
177,181,4271.02268178799
178,182,4269.8504118635565
179,183,4268.823324656613
180,184,4267.967605247197
181,185,4267.309832428026
182,186,4266.878167426694
183,187,4266.685390926281
184,188,4266.759343560992
185,189,4267.108583416761
186,190,4267.731661015432
187,191,4268.631985855941
188,192,4269.782656452234
189,193,4271.165419108993
190,194,4272.738476966973
191,195,4274.46464862206
192,196,4276.290105918682
193,197,4278.156613509419
194,198,4280.00974507764
195,199,4281.783546601524
196,160,4283.425743753423
197,161,4284.88705118298
198,162,4286.124234284236
199,163,4287.105360251866
200,204,4288.048956176245
201,205,4288.312964211165
202,206,4288.288317875036
203,207,4287.987330900149
204,208,4287.431332419067
205,209,4286.647697721115
206,210,4285.664619740687
207,211,4284.517625615989
208,212,4283.236780684578
209,213,4281.853685579898
210,214,4280.400969085941
211,215,4278.904440142669
212,216,4277.391629713048
213,217,4275.885076100558
214,218,4274.411544689568
215,219,4272.993225425605
216,220,4271.653106105148
217,221,4270.4201154763805
218,222,4269.317403689124
219,223,4268.371961317865
220,224,4267.612429782196
221,225,4267.065806861178
222,226,4266.748454432832
223,227,4266.688474377842
224,228,4266.899973378926
225,229,4267.385015610968
226,230,4268.149487879846
227,231,4269.17741997536
228,232,4270.447596924719
229,233,4271.931835810037
230,234,4273.586387405826
231,235,4275.368414757971
232,236,4277.22160462466
233,237,4279.087006701623
234,238,4280.909428216066
235,239,4282.624968123125
236,200,4284.181774976114
237,201,4285.535981103731
238,202,4286.648571552951
239,203,4287.491323893846
240,244,4287.807461114121
241,245,4288.217785091756
242,246,4288.336234550031
243,247,4288.170477608461
244,248,4287.7396897307735
245,249,4287.066043878048
246,250,4286.17915027033
247,251,4285.1100141498
248,252,4283.891544552172
249,253,4282.556810161413
250,254,4281.1342586124965
251,255,4279.6567484638745
252,256,4278.148534520613
253,257,4276.634128009511
254,258,4275.143316943947
255,259,4273.69321500877
256,260,4272.312026990854
257,261,4271.02268178799
258,262,4269.850411863558
259,263,4268.824269724783
260,264,4267.967605247194
261,265,4267.31077753127
262,266,4266.8772223134065
263,267,4266.68469781906
264,268,4266.759595571052
265,269,4267.108583416761
266,270,4267.732606108827
267,271,4268.6317338575
268,272,4269.783349506632
269,273,4271.16494660223
270,274,4272.73800447854
271,275,4274.465121090388
272,276,4276.28963347164
273,277,4278.156613509418
274,278,4280.00974507764
275,279,4281.783782792981
276,240,4283.425743753423
277,241,4284.88681500961
278,242,4286.124234284236
279,243,4287.105124091435
280,284,4288.048897137521
281,285,4288.312993730334
282,286,4288.288317875036
283,287,4287.987376793601
284,288,4287.431509537941
285,289,4286.647550119188
286,290,4285.664383571866
287,291,4284.517579718596
288,292,4283.2364264100615
289,293,4281.853567484357
290,294,4280.400969085941
291,295,4278.9042039343685
292,296,4277.391629713047
293,297,4275.885076100559
294,298,4274.411544689568
295,299,4272.993225425605
296,300,4271.653106105149
297,301,4270.421060507429
298,302,4269.317403689124
299,303,4268.372906396347
300,304,4267.612429782195
301,305,4267.064861752312
302,306,4266.747761326675
303,307,4266.687781270653
304,308,4266.899973378926
305,309,4267.385015610968
306,310,4268.1501809621095
307,311,4269.177167980305
308,312,4270.447596924719
309,313,4271.931835810036
310,314,4273.586387405825
311,315,4275.36841475797
312,316,4277.221604624659
313,317,4279.08724290885
314,318,4280.909664412638
315,319,4282.625204309701
316,280,4284.18201115361
317,281,4285.53598110373
318,282,4286.648571552951
319,283,4287.491323893846
320,324,4287.807402075045
321,325,4288.2177555725175
322,326,4288.336086954278
323,327,4288.170595685551
324,328,4287.739748769948
325,329,4287.066073398127
326,330,4286.179179791058
327,331,4285.109955106783
328,332,4283.891544552172
329,333,4282.5568101614135
330,334,4281.1342586124965
331,335,4279.656748463874
332,336,4278.148062095207
333,337,4276.634600452534
334,338,4275.142844483521
335,339,4273.69368748602
336,340,4272.3129719778535
337,341,4271.022681787992
338,342,4269.850411863559
339,343,4268.823324656613
340,344,4267.967605247193
341,345,4267.310084434645
342,346,4266.878419436052
343,347,4266.68564293681
344,348,4266.758650455035
345,349,4267.108331408864
346,350,4267.731409011407
347,351,4268.631261321256
348,352,4269.7838220294625
349,353,4271.165419108995
350,354,4272.738476966973
351,355,4274.465121090388
352,356,4276.289633471641
353,357,4278.156377296777
354,358,4280.00974507764
355,359,4281.783782792981
356,320,4283.425743753424
357,321,4284.88705118298
358,322,4286.124352367315
359,323,4287.10506505133
360,364,4288.04889713752
361,365,4288.31284613449
362,366,4288.288376913406
363,367,4287.987295615233
364,368,4287.431509537942
365,369,4286.647579639573
366,370,4285.664383571866
367,371,4284.517697806363
368,372,4283.236426410061
369,373,4281.853567484357
370,374,4280.400969085941
371,375,4278.904676350973
372,376,4277.392102147293
373,377,4275.885548552334
374,378,4274.412017158503
375,379,4272.992280454794
376,380,4271.652161102963
377,381,4270.42011547638
378,382,4269.317403689122
379,383,4268.373158396445
380,384,4267.612681786945
381,385,4267.065113760433
382,386,4266.747761326674
383,387,4266.688474377842
384,388,4266.900666482529
385,389,4267.385708706308
386,390,4268.1501809621095
387,391,4269.176695450405
388,392,4270.4471244095985
389,393,4271.931363312182
390,394,4273.585914927261
391,395,4275.368650986866
392,396,4277.221604624659
393,397,4279.08724290885
394,398,4280.909664412639
395,399,4282.624968123125
396,360,4284.182011153611
397,361,4285.536099188525
398,362,4286.648512512176
399,363,4287.491286994133
400,404,4287.807402075045
401,405,4288.217726053278
402,406,4288.3361201633215
403,407,4288.170625204823
404,408,4287.739748769947
405,409,4287.066043878048
406,410,4286.179179791058
407,411,4285.109955106783
408,412,4283.891544552172
409,413,4282.557282535362
410,414,4281.1337862219225
411,415,4279.6562760560655
412,416,4278.148534520614
413,417,4276.633655566524
414,418,4275.143789404425
415,419,4273.693687486021
416,420,4272.312026990854
417,421,4271.02268178799
418,422,4269.850663854423
419,423,4268.823576653873
420,424,4267.967857249769
421,425,4267.310084434647
422,426,4266.877222313406
423,427,4266.685390926281
424,428,4266.759343560992
425,429,4267.109276516805
426,430,4267.731881558111
427,431,4268.6317338575
428,432,4269.783349506632
429,433,4271.164946602229
430,434,4272.738713211189
431,435,4274.464884856224
432,436,4276.28963347164
433,437,4278.156495403096
434,438,4280.009508875805
435,439,4281.7840189844555
436,400,4283.425743753423
437,401,4284.886992139635
438,402,4286.124319156448
439,403,4287.105035531278
440,444,4288.048985695607
441,445,4288.312964211164
442,446,4288.288376913405
443,447,4287.987258715975
444,448,4287.431450498317
445,449,4286.647461558031
446,450,4285.664383571866
447,451,4284.517697806363
448,452,4283.236426410061
449,453,4281.854039866521
450,454,4280.401441485051
451,455,4278.904203934369
452,456,4277.391629713047
453,457,4275.884603648825
454,458,4274.411072220692
455,459,4272.993225425605
456,460,4271.653358084904
457,461,4270.420367463742
458,462,4269.317655683341
459,463,4268.372213317875
460,464,4267.612429782196
461,465,4267.06580686118
462,466,4266.747509316574
463,467,4266.688474377842
464,468,4266.899721369738
465,469,4267.384763604779
466,470,4268.150653503946
467,471,4269.177167980304
468,472,4270.447833182276
469,473,4271.93207205896
470,474,4273.58591492726
471,475,4275.368650986866
472,476,4277.221486515611
473,477,4279.087124805235
474,478,4280.909723461785
475,479,4282.624968123124
476,440,4284.181863542673
477,441,4285.53598110373
478,442,4286.6484534714045
479,443,4287.491323893846
480,484,4287.807461114121
481,485,4288.217726053278
482,486,4288.336086954278
483,487,4288.170654724097
484,488,4287.739689730774
485,489,4287.066043878048
486,490,4286.179179791058
487,491,4285.109955106783
488,492,4283.892016910538
489,493,4282.5568101614135
490,494,4281.134258612498
491,495,4279.656748463873
492,496,4278.14758966982
493,497,4276.634600452534
494,498,4275.142844483521
495,499,4273.693939453031
496,500,4272.312278966472
497,501,4271.02198875476
498,502,4269.85066385442
499,503,4268.8233246566115
500,504,4267.967605247196
501,505,4267.310777531269
502,506,4266.878167426694
503,507,4266.685390926283
504,508,4266.759816119019
505,509,4267.108331408865
506,510,4267.731409011407
507,511,4268.631261321255
508,512,4269.7833495066325
509,513,4271.165419108996
510,514,4272.738713211189
511,515,4274.465002973306
512,516,4276.289751583398
513,517,4278.1564363499365
514,518,4280.009479350577
515,519,4281.783871364782
516,480,4283.425625662468
517,481,4284.88705118298
518,482,4286.124381888086
519,483,4287.105035531279
520,524,4288.048956176244
521,525,4288.312964211164
522,526,4288.288081721566
523,527,4287.987258715975
524,528,4287.431450498316
525,529,4286.647461558031
526,530,4285.664619740687
527,531,4284.517225455294
528,532,4283.2364264100615
529,533,4281.85403986652
530,534,4280.40144148505
531,535,4278.904676350972
532,536,4277.391629713047
533,537,4275.884855602196
534,538,4274.411324183204
535,539,4272.993477396987
536,540,4271.653358084903
537,541,4270.420115476378
538,542,4269.317403689124
539,543,4268.371961317865
540,544,4267.612429782195
541,545,4267.065806861181
542,546,4266.747509316575
543,547,4266.688946936717
544,548,4266.899721369738
545,549,4267.38476360478
546,550,4268.150653503945
547,551,4269.176931715356
548,552,4270.447833182276
549,553,4271.93207205896
550,554,4273.585914927261
551,555,4275.368355700746
552,556,4277.221486515612
553,557,4279.087080516381
554,558,4280.909723461785
555,559,4282.625027169767
556,520,4284.18189306486
557,521,4285.536025385527
558,522,4286.648512512176
559,523,4287.491323893846
560,564,4287.80746111412
561,565,4288.217785091756
562,566,4288.336441184095
563,567,4288.1703004928295
564,568,4287.739689730775
565,569,4287.066043878047
566,570,4286.178943625233
567,571,4285.110663622977
568,572,4283.892016910537
569,573,4282.556810161413
570,574,4281.1342586124965
571,575,4279.656276056064
572,576,4278.147841609144
573,577,4276.634852401281
574,578,4275.143096441528
575,579,4273.69393945303
576,580,4272.312026990853
577,581,4271.021736771201
578,582,4269.850411863557
579,583,4268.823324656612
580,584,4267.967605247194
581,585,4267.31077753127
582,586,4266.878167426694
583,587,4266.685390926282
584,588,4266.759816119019
585,589,4267.108331408864
586,590,4267.731409011407
587,591,4268.631497589378
588,592,4269.783349506632
589,593,4271.165419108995
590,594,4272.738595089081
591,595,4274.464737209873
592,596,4276.289722055459
593,597,4278.1564363499365
594,598,4280.009626976721
595,599,4281.783930412651
596,560,4283.425655185206
597,561,4284.886992139635
598,562,4286.124234284236
599,563,4287.105124091435
600,604,4288.048956176244
601,605,4288.313082287844
602,606,4288.288081721568
603,607,4287.987258715975
604,608,4287.431450498317
605,609,4286.647933884198
606,610,4285.665092078323
607,611,4284.517225455293
608,612,4283.236426410061
609,613,4281.853567484357
610,614,4280.400969085939
611,615,4278.904928285621
612,616,4277.391881657094
613,617,4275.884855602195
614,618,4274.411324183204
615,619,4272.993225425605
616,620,4271.653106105149
617,621,4270.420115476381
618,622,4269.317403689124
619,623,4268.371961317865
620,624,4267.612429782196
621,625,4267.065806861179
622,626,4266.7479818746815
623,627,4266.688946936717
624,628,4266.899721369738
625,629,4267.384763604781
626,630,4268.1499446911885
627,631,4269.176931715357
628,632,4270.447833182276
629,633,4271.932012996729
630,634,4273.586158549021
631,635,4275.368326172134
632,636,4277.221486515611
633,637,4279.087183857043
634,638,4280.909657031496
635,639,4282.6250566930885
636,600,4284.18189306486
637,601,4285.5358630189385
638,602,4286.648571552951
639,603,4287.491323893847
640,644,4287.807461114121
641,645,4288.21754893785
642,646,4288.336441184095
643,647,4288.170300492829
644,648,4287.739689730774
645,649,4287.06580771741
646,650,4286.178943625233
647,651,4285.110663622975
648,652,4283.892016910538
649,653,4282.557282535361
650,654,4281.134510533256
651,655,4279.656527986017
652,656,4278.147841609144
653,657,4276.63485240128
654,658,4275.142844483521
655,659,4273.693687486019
656,660,4272.312026990854
657,661,4271.0217367712
658,662,4269.850411863557
659,663,4268.823324656612
660,664,4267.968077791197
661,665,4267.31077753127
662,666,4266.877694870024
663,667,4266.685390926281
664,668,4266.759343560992
665,669,4267.108331408864
666,670,4267.731881558111
667,671,4268.631497589379
668,672,4269.783231375921
669,673,4271.165419108995
670,674,4272.738654150135
671,675,4274.464707680602
672,676,4276.289869695158
673,677,4278.156495403096
674,678,4280.009567926263
675,679,4281.783959936585
676,640,4283.425625662467
677,641,4284.886933096292
678,642,4286.124234284236
679,643,4287.105124091435
680,684,4288.048956176244
681,685,4288.31284613449
682,686,4288.288317875036
683,687,4287.987494871228
684,688,4287.431450498317
685,689,4286.647933884198
686,690,4285.665092078323
687,691,4284.517225455294
688,692,4283.236426410062
689,693,4281.852874636288
690,694,4280.400276213033
691,695,4278.904928285621
692,696,4277.391881657092
693,697,4275.8855485523345
694,698,4274.412017158504
695,699,4272.993225425605
696,700,4271.653106105149
697,701,4270.420115476379
698,702,4269.317403689124
699,703,4268.3724338570655
700,704,4267.612429782196
701,705,4267.065806861179
702,706,4266.7479818746815
703,707,4266.688474377842
704,708,4266.899721369738
705,709,4267.384763604779
706,710,4268.1499446911885
707,711,4269.176813582881
708,712,4270.4478036500805
709,713,4271.93201299673
710,714,4273.5861511665435
711,715,4275.368414757971
712,716,4277.221397933828
713,717,4279.08706575343
714,718,4280.909664412638
715,719,4282.625086216411
716,680,4284.18201115361
717,681,4285.536217273327
718,682,4286.648335389862
719,683,4287.49108773569
720,724,4287.807461114122
721,725,4288.217312783961
722,726,4288.336205030881
723,727,4288.170300492829
724,728,4287.7396897307735
725,729,4287.065807717412
726,730,4286.178943625233
727,731,4285.110663622975
728,732,4283.8920169105395
729,733,4282.557534447249
730,734,4281.134510533255
731,735,4279.656527986017
732,736,4278.147841609142
733,737,4276.634600452534
734,738,4275.142844483521
735,739,4273.69368748602
736,740,4272.312026990854
737,741,4271.022209279553
738,742,4269.8504118635565
739,743,4268.823324656612
740,744,4267.968077791197
741,745,4267.310304979615
742,746,4266.877694870025
743,747,4266.685390926283
744,748,4266.759343560992
745,749,4267.108331408865
746,750,4267.731881558111
747,751,4268.631379455317
748,752,4269.783286749693
749,753,4271.165419108995
750,754,4272.738595089081
751,755,4274.464766739144
752,756,4276.289696218511
753,757,4278.1563772967775
754,758,4280.009626976721
755,759,4281.784018984456
756,720,4283.425743753423
757,721,4284.887287356371
758,722,4286.1244704504
759,723,4287.105124091435
760,764,4288.049192331156
761,765,4288.312846134489
762,766,4288.288317875036
763,767,4287.987967181751
764,768,4287.431450498315
765,769,4286.647933884199
766,770,4285.665092078323
767,771,4284.517005003913
768,772,4283.2366783177295
769,773,4281.852874636289
770,774,4280.400276213035
771,775,4278.9046763509705
772,776,4277.391629713047
773,777,4275.8855485523345
774,778,4274.412017158501
775,779,4272.992752940166
776,780,4271.652633604017
777,781,4270.420587991862
778,782,4269.317403689124
779,783,4268.372906396347
780,784,4267.612902330277
781,785,4267.065334306716
782,786,4266.747981874681
783,787,4266.688474377842
784,788,4266.899957647931
785,789,4267.384881742471
786,790,4268.15000375892
787,791,4269.17682834944
788,792,4270.44759692472
789,793,4271.931953934499
790,794,4273.586092106722
791,795,4275.368518108112
792,796,4277.2213684065655
793,797,4279.087006701625
794,798,4280.909900609228
795,799,4282.625204309701
796,760,4284.181774976115
797,761,4285.536217273328
798,762,4286.648099226794
799,763,4287.490851577554
800,804,4287.807461114122
801,805,4288.217312783961
802,806,4288.3357327244885
803,807,4288.170300492829
804,808,4287.739689730774
805,809,4287.06580771741
806,810,4286.179415956882
807,811,4285.109970830711
808,812,4283.891324097383
809,813,4282.557534447252
810,814,4281.134510533255
811,815,4279.657220871687
812,816,4278.148534520614
813,817,4276.634600452534
814,818,4275.142372023147
815,819,4273.693215008771
816,820,4272.312026990853
817,821,4271.022209279554
818,822,4269.850884385607
819,823,4268.823797190656
820,824,4267.968077791198
821,825,4267.3103049796155
822,826,4266.877694870026
823,827,4266.685390926282
824,828,4266.759343560992
825,829,4267.108331408864
826,830,4267.73194062645
827,831,4268.631408988834
828,832,4269.783231375922
829,833,4271.165419108996
830,834,4272.7386541501355
831,835,4274.4647372098725
832,836,4276.289751583398
833,837,4278.156613509418
834,838,4280.009508875804
835,839,4281.783782792982
836,800,4283.425743753423
837,801,4284.88705118298
838,802,4286.1244704504
839,803,4287.105360251867
840,844,4288.0491923311565
841,845,4288.31284613449
842,846,4288.288317875036
843,847,4287.987967181751
844,848,4287.431450498316
845,849,4286.647933884198
846,850,4285.664399295578
847,851,4284.5170050039105
848,852,4283.23667831773
849,853,4281.852874636289
850,854,4280.40096908594
851,855,4278.904676350975
852,856,4277.391629713046
853,857,4275.8855485523345
854,858,4274.412017158501
855,859,4272.992752940164
856,860,4271.652633604017
857,861,4270.420587991862
858,862,4269.317403689125
859,863,4268.3729063963465
860,864,4267.612902330277
861,865,4267.065334306717
862,866,4266.7479818746815
863,867,4266.688474377842
864,868,4266.899839508834
865,869,4267.3848226736245
866,870,4268.150003758919
867,871,4269.176813582882
868,872,4270.4477150534985
869,873,4271.932012996729
870,874,4273.586092106722
871,875,4275.3682966435235
872,876,4277.221368406567
873,877,4279.087242908851
874,878,4280.909900609228
875,879,4282.625440496296
876,840,4284.181774976113
877,841,4285.535981103729
878,842,4286.648099226794
879,843,4287.490851577554
880,884,4287.806988801546
881,885,4288.217312783961
882,886,4288.3357327244885
883,887,4288.170300492828
884,888,4287.740162044175
885,889,4287.06580771741
886,890,4286.179667846217
887,891,4285.109970830711
888,892,4283.891324097383
889,893,4282.557534447251
890,894,4281.1342586124965
891,895,4279.656748463874
892,896,4278.148534520616
893,897,4276.634128009511
894,898,4275.142372023147
895,899,4273.69368748602
896,900,4272.312026990854
897,901,4271.02268178799
898,902,4269.850884385607
899,903,4268.8237971906565
900,904,4267.968077791197
901,905,4267.310068703813
902,906,4266.877694870024
903,907,4266.685390926281
904,908,4266.75922542149
905,909,4267.108626755094
906,910,4267.73194062645
907,911,4268.631379455318
908,912,4269.78346763734
909,913,4271.165360045649
910,914,4272.73841790592
911,915,4274.465002973306
912,916,4276.28963347164
913,917,4278.156613509418
914,918,4280.00974507764
915,919,4281.783546601523
916,880,4283.425743753423
917,881,4284.88705118298
918,882,4286.1244704504
919,883,4287.105360251866
920,924,4288.049192331156
921,925,4288.312846134491
922,926,4288.288317875036
923,927,4287.987494871227
924,928,4287.431450498317
925,929,4286.647241118275
926,930,4285.664399295578
927,931,4284.517005003912
928,932,4283.236678317728
929,933,4281.853567484357
930,934,4280.401441485051
931,935,4278.904676350973
932,936,4277.391629713049
933,937,4275.8855485523345
934,938,4274.411544689567
935,939,4272.992752940164
936,940,4271.652633604016
937,941,4270.420587991862
938,942,4269.317403689124
939,943,4268.3729063963465
940,944,4267.612666056228
941,945,4267.065334306716
942,946,4266.7479818746815
943,947,4266.688474377841
944,948,4266.900105321804
945,949,4267.384822673626
946,950,4268.149944691188
947,951,4269.176931715357
948,952,4270.447685521303
949,953,4271.931776747806
950,954,4273.5861511665435
951,955,4275.368178529077
952,956,4277.221368406566
953,957,4279.087479116088
954,958,4280.909900609228
955,959,4282.625440496296
956,920,4284.181774976114
957,921,4285.535981103729
958,922,4286.648099226794
959,923,4287.491323893846
960,964,4287.806516489048
961,965,4288.217785091756
962,966,4288.335732724489
963,967,4288.170300492828
964,968,4287.740162044174
965,969,4287.066059601213
966,970,4286.179667846216
967,971,4285.109970830711
968,972,4283.891324097385
969,973,4282.557282535363
970,974,4281.133786221924
971,975,4279.656748463873
972,976,4278.148534520613
973,977,4276.634128009511
974,978,4275.142844483521
975,979,4273.69368748602
976,980,4272.312026990854
977,981,4271.02268178799
978,982,4269.851120646666
979,983,4268.8237971906565
980,984,4267.968077791197
981,985,4267.310068703813
982,986,4266.877458591708
983,987,4266.685390926281
984,988,4266.759269723802
985,989,4267.108626755094
986,990,4267.731881558111
987,991,4268.631497589379
988,992,4269.783423338325
989,993,4271.165360045649
990,994,4272.738476966973
991,995,4274.464884856225
992,996,4276.28963347164
993,997,4278.156613509418
994,998,4280.00974507764
995,999,4281.783546601523
996,960,4283.426216117296
997,961,4284.886578836259
998,962,4286.1244704504
999,963,4287.105360251866
1000,1004,4288.048720021351
1001,1005,4288.312846134488
1002,1006,4288.288317875035
1003,1007,4287.987494871227
1004,1008,4287.431702379842
1005,1009,4286.647241118277
1006,1010,4285.664399295578
1007,1011,4284.517005003913
1008,1012,4283.236426410061
1009,1013,4281.854039866521
1010,1014,4280.401441485051
1011,1015,4278.904676350972
1012,1016,4277.391629713047
1013,1017,4275.885076100557
1014,1018,4274.411544689567
1015,1019,4272.992752940164
1016,1020,4271.652633604016
1017,1021,4270.420587991861
1018,1022,4269.317403689124
1019,1023,4268.3729063963465
1020,1024,4267.61278419325
1021,1025,4267.065334306716
1022,1026,4266.7479818746815
1023,1027,4266.688449457744
1024,1028,4266.899957647931
1025,1029,4267.384881742471
1026,1030,4268.1499446911885
1027,1031,4269.176956633926
1028,1032,4270.447478795942
1029,1033,4271.931717685573
1030,1034,4273.586151166543
1031,1035,4275.368178529077
1032,1036,4277.2216046246585
1033,1037,4279.087479116087
1034,1038,4280.909900609228
1035,1039,4282.624968123124
1036,1000,4284.182247331127
1037,1001,4285.535981103731
1038,1002,4286.648099226794
1039,1003,4287.491796210219
1040,1044,4287.806516489049
1041,1045,4288.217785091754
1042,1046,4288.3357327244885
1043,1047,4288.170552369743
1044,1048,4287.740413923789
1045,1049,4287.066059601215
1046,1050,4286.179667846218
1047,1051,4285.109718934712
1048,1052,4283.891544552171
1049,1053,4282.557282535362
1050,1054,4281.133786221923
1051,1055,4279.656748463874
1052,1056,4278.148062095208
1053,1057,4276.634128009511
1054,1058,4275.142844483522
1055,1059,4273.693923724668
1056,1060,4272.312263237574
1057,1061,4271.022445533761
1058,1062,4269.851120646666
1059,1063,4268.823560923625
1060,1064,4267.967723383188
1061,1065,4267.310304979616
1062,1066,4266.877517661285
1063,1067,4266.685361391351
1064,1068,4266.759343560992
1065,1069,4267.1085676858465
1066,1070,4267.731822489774
1067,1071,4268.631290854771
1068,1072,4269.78346763734
1069,1073,4271.165419108995
1070,1074,4272.738476966974
1071,1075,4274.4651210903885
1072,1076,4276.28963347164
1073,1077,4278.156141084146
1074,1078,4280.009745077639
1075,1079,4281.7840189844555
1076,1040,4283.426216117296
1077,1041,4284.887051182982
1078,1042,4286.1244704504
1079,1043,4287.104887931024
1080,1084,4288.048720021351
1081,1085,4288.31284613449
1082,1086,4288.288569751208
1083,1087,4287.986802128301
1084,1088,4287.431702379842
1085,1089,4286.647241118276
1086,1090,4285.664147403041
1087,1091,4284.517697806361
1088,1092,4283.236426410061
1089,1093,4281.854039866522
1090,1094,4280.401441485051
1091,1095,4278.904676350973
1092,1096,4277.391629713048
1093,1097,4275.885312326441
1094,1098,4274.411544689568
1095,1099,4272.992989182876
1096,1100,4271.652633604016
1097,1101,4270.420351734109
1098,1102,4269.317285557053
1099,1103,4268.372551991879
1100,1104,4267.61278419325
1101,1105,4267.065275237413
1102,1106,4266.748100014216
1103,1107,4266.6885925175575
1104,1108,4266.90007578703
1105,1109,4267.384822673625
1106,1110,4268.1501809621095
1107,1111,4269.176695450405
1108,1112,4270.447360667161
1109,1113,4271.931835810038
1110,1114,4273.585914927261
1111,1115,4275.3688872157645
1112,1116,4277.222077060866
1113,1117,4279.087006701623
1114,1118,4280.909900609228
1115,1119,4282.624495750023
1116,1080,4284.181774976114
1117,1081,4285.536453442945
1118,1082,4286.648099226794
1119,1083,4287.49179621022
1120,1124,4287.806516489048
1121,1125,4288.218036968399
1122,1126,4288.335984600348
1123,1127,4288.170552369742
1124,1128,4287.740413923789
1125,1129,4287.06580771741
1126,1130,4286.1794159568835
1127,1131,4285.11019127885
1128,1132,4283.891544552172
1129,1133,4282.557282535361
1130,1134,4281.133786221923
1131,1135,4279.6562760560655
1132,1136,4278.148298307908
1133,1137,4276.63412800951
1134,1138,4275.143080713728
1135,1139,4273.693923724669
1136,1140,4272.312026990854
1137,1141,4271.022563660874
1138,1142,4269.850884385608
1139,1143,4268.823560923624
1140,1144,4267.967752917187
1141,1145,4267.310231143425
1142,1146,4266.877517661286
1143,1147,4266.685390926282
1144,1148,4266.759432165621
1145,1149,4267.108523383913
1146,1150,4267.731822489774
1147,1151,4268.631261321255
1148,1152,4269.7833495066325
1149,1153,4271.165419108995
1150,1154,4272.738476966973
1151,1155,4274.464648622061
1152,1156,4276.290105918681
1153,1157,4278.156141084146
1154,1158,4280.00974507764
1155,1159,4281.784491367454
1156,1120,4283.425743753423
1157,1121,4284.88705118298
1158,1122,4286.1244704504
1159,1123,4287.104887931025
1160,1164,4288.048971899027
1161,1165,4288.313098010526
1162,1166,4288.288569751208
1163,1167,4287.987494871227
1164,1168,4287.431450498319
1165,1169,4286.646989231863
1166,1170,4285.664619740687
1167,1171,4284.517697806363
1168,1172,4283.23642641006
1169,1173,4281.854039866521
1170,1174,4280.400732886386
1171,1175,4278.904440142668
1172,1176,4277.391629713048
1173,1177,4275.885312326441
1174,1178,4274.411662806794
1175,1179,4272.993225425605
1176,1180,4271.652633604017
1177,1181,4270.420233605241
1178,1182,4269.317462755162
1179,1183,4268.3725962924345
1180,1184,4267.61278419325
1181,1185,4267.065452445326
1182,1186,4266.748040944449
1183,1187,4266.688548215164
1184,1188,4266.900075787029
1185,1189,4267.38476360478
1186,1190,4268.150180962111
1187,1191,4269.176695450405
1188,1192,4270.447360667161
1189,1193,4271.932308307881
1190,1194,4273.586387405824
1191,1195,4275.368887215765
1192,1196,4277.2220770608665
1193,1197,4279.086534287206
1194,1198,4280.909428216064
1195,1199,4282.624495750024
1196,1160,4284.181774976116
1197,1161,4285.536453442944
1198,1162,4286.648099226795
1199,1163,4287.491103458691
1200,1204,4287.806768368163
1201,1205,4288.218036968399
1202,1206,4288.3357327244885
1203,1207,4288.170300492829
1204,1208,4287.740162044175
1205,1209,4287.06580771741
1206,1210,4286.179415956882
1207,1211,4285.11019127885
1208,1212,4283.891544552172
1209,1213,4282.557282535362
1210,1214,4281.133786221923
1211,1215,4279.6562760560655
1212,1216,4278.148298307907
1213,1217,4276.634128009511
1214,1218,4275.1430807137285
1215,1219,4273.693923724669
1216,1220,4272.312026990854
1217,1221,4271.022563660874
1218,1222,4269.850858544556
1219,1223,4268.823531390247
1220,1224,4267.967782451186
1221,1225,4267.3101868417125
1222,1226,4266.877484434649
1223,1227,4266.685420461213
1224,1228,4266.759402630744
1225,1229,4267.1085676858465
1226,1230,4267.731881558112
1227,1231,4268.631261321255
1228,1232,4269.7833495066325
1229,1233,4271.164946602229
1230,1234,4272.738476966973
1231,1235,4274.464648622061
1232,1236,4276.290105918682
1233,1237,4278.156613509418
1234,1238,4280.009745077642
1235,1239,4281.784491367454
1236,1200,4283.425743753422
1237,1201,4284.88705118298
1238,1202,4286.12472234012
1239,1203,4287.105139814588
1240,1244,4288.049664641033
1241,1245,4288.3128461344895
1242,1246,4288.288317875036
1243,1247,4287.9874948712295
1244,1248,4287.4309781813245
1245,1249,4286.647461558034
1246,1250,4285.664619740687
1247,1251,4284.517697806363
1248,1252,4283.236898776081
1249,1253,4281.853567484357
1250,1254,4280.400732886387
1251,1255,4278.904440142669
1252,1256,4277.391629713047
1253,1257,4275.88531232644
1254,1258,4274.411662806794
1255,1259,4272.993195895262
1256,1260,4271.652677900995
1257,1261,4270.420263137457
1258,1262,4269.317462755162
1259,1263,4268.372581525582
1260,1264,4267.612739891866
1261,1265,4267.065422910674
1262,1266,4266.748040944449
1263,1267,4266.6885925175575
1264,1268,4266.899839508835
1265,1269,4267.38476360478
1266,1270,4268.150180962111
1267,1271,4269.176695450405
1268,1272,4270.448069439828
1269,1273,4271.9323083078825
1270,1274,4273.586387405824
1271,1275,4275.3688872157645
1272,1276,4277.221604624659
1273,1277,4279.086534287204
1274,1278,4280.909428216064
1275,1279,4282.624495750024
1276,1240,4284.18108216803
1277,1241,4285.53670533635
1278,1242,4286.648351113192
1279,1243,4287.49110345869
1280,1284,4287.807461114122
1281,1285,4288.217785091756
1282,1286,4288.3357327244885
1283,1287,4288.170300492829
1284,1288,4287.740162044175
1285,1289,4287.065807717409
1286,1290,4286.179415956882
1287,1291,4285.11019127885
1288,1292,4283.891544552172
1289,1293,4282.557046348388
1290,1294,4281.133786221923
1291,1295,4279.656276056067
1292,1296,4278.148298307908
1293,1297,4276.634423286396
1294,1298,4275.143080713728
1295,1299,4273.693894194836
1296,1300,4272.312026990854
1297,1301,4271.022504597317
1298,1302,4269.850884385607
1299,1303,4268.823590457002
1300,1304,4267.967841519187
1301,1305,4267.310186841712
1302,1306,4266.877458591708
1303,1307,4266.685390926281
1304,1308,4266.759343560993
1305,1309,4267.108567685847
1306,1310,4267.731881558113
1307,1311,4268.631261321256
1308,1312,4269.782876983785
1309,1313,4271.16494660223
1310,1314,4272.738476966975
1311,1315,4274.464648622062
1312,1316,4276.290578365741
1313,1317,4278.156613509418
1314,1318,4280.009745077638
1315,1319,4281.783798518201
1316,1280,4283.425050932337
1317,1281,4284.887303080389
1318,1282,4286.1247223401215
1319,1283,4287.105832572793
1320,1324,4288.049664641031
1321,1325,4288.3128461344895
1322,1326,4288.288317875036
1323,1327,4287.987967181751
1324,1328,4287.430978181325
1325,1329,4286.64746155803
1326,1330,4285.664619740687
1327,1331,4284.51746163083
1328,1332,4283.236898776082
1329,1333,4281.8534493888155
1330,1334,4280.400732886386
1331,1335,4278.904322038518
1332,1336,4277.391629713047
1333,1337,4275.885415675268
1334,1338,4274.411662806795
1335,1339,4272.993107304238
1336,1340,4271.652633604017
1337,1341,4270.42024837135
1338,1342,4269.3175218212
1339,1343,4268.372670126696
1340,1344,4267.612666056228
1341,1345,4267.065452445327
1342,1346,4266.7479818746815
1343,1347,4266.688474377842
1344,1348,4266.899957647931
1345,1349,4267.38476360478
1346,1350,4268.1501809621095
1347,1351,4269.176695450404
1348,1352,4270.448069439827
1349,1353,4271.932308307881
1350,1354,4273.586387405825
1351,1355,4275.3688872157645
1352,1356,4277.221604624659
1353,1357,4279.086786220677
1354,1358,4280.909680138199
1355,1359,4282.624747661458
1356,1320,4284.181082168031
1357,1321,4285.536453442945
1358,1322,4286.648099226795
1359,1323,4287.490851577553
1360,1364,4287.807461114119
1361,1365,4288.217785091756
1362,1366,4288.3357327244885
1363,1367,4288.170300492829
1364,1368,4287.740162044176
1365,1369,4287.06580771741
1366,1370,4286.179415956883
1367,1371,4285.11019127885
1368,1372,4283.891544552172
1369,1373,4282.557164441875
1370,1374,4281.133845270746
1371,1375,4279.656335107042
1372,1376,4278.148283544613
1373,1377,4276.634305175641
1374,1378,4275.143021656175
1375,1379,4273.693864665005
1376,1380,4272.312041756273
1377,1381,4271.0223864702075
1378,1382,4269.850884385608
1379,1383,4268.8235609236235
1380,1384,4267.967841519187
1381,1385,4267.310304979615
1382,1386,4266.877458591709
1383,1387,4266.685390926281
1384,1388,4266.759343560992
1385,1389,4267.1085676858465
1386,1390,4267.73188155811
1387,1391,4268.6317338575
1388,1392,4269.782876983787
1389,1393,4271.164946602229
1390,1394,4272.738476966973
1391,1395,4274.464176153742
1392,1396,4276.289885422511
1393,1397,4278.156865448698
1394,1398,4280.009997005398
1395,1399,4281.7837985182
1396,1360,4283.425743753423
1397,1361,4284.88705118298
1398,1362,4286.124470450401
1399,1363,4287.105832572793
1400,1404,4288.049664641033
1401,1405,4288.312373827826
1402,1406,4288.288317875036
1403,1407,4287.987967181752
1404,1408,4287.430978181324
1405,1409,4286.647933884199
1406,1410,4285.664383571866
1407,1411,4284.517461630829
1408,1412,4283.236780684577
1409,1413,4281.853508436586
1410,1414,4280.4010023015035
1411,1415,4278.904322038519
1412,1416,4277.391747821605
1413,1417,4275.885371382913
1414,1418,4274.411629586325
1415,1419,4272.993107304238
1416,1420,4271.652633604016
1417,1421,4270.42035173411
1418,1422,4269.3175218212
1419,1423,4268.372670126695
1420,1424,4267.612902330277
1421,1425,4267.065334306716
1422,1426,4266.7479818746815
1423,1427,4266.688474377842
1424,1428,4266.8997213697385
1425,1429,4267.38476360478
1426,1430,4268.149708420264
1427,1431,4269.1766954504055
1428,1432,4270.448069439827
1429,1433,4271.932308307882
1430,1434,4273.586859884389
1431,1435,4275.368194256788
1432,1436,4277.220911697392
1433,1437,4279.086786220678
1434,1438,4280.909680138199
1435,1439,4282.6254404962965
1436,1400,4284.181774976114
1437,1401,4285.536453442945
1438,1402,4286.648099226794
1439,1403,4287.490851577554
1440,1444,4287.807461114121
1441,1445,4288.217785091756
1442,1446,4288.3357327244885
1443,1447,4288.170300492829
1444,1448,4287.740162044174
1445,1449,4287.06580771741
1446,1450,4286.179179791058
1447,1451,4285.11019127885
1448,1452,4283.891544552172
1449,1453,4282.557134918504
1450,1454,4281.1340814660325
1451,1455,4279.656335107042
1452,1456,4278.148298307908
1453,1457,4276.634275647952
1454,1458,4275.143021656175
1455,1459,4273.693864665004
1456,1460,4272.312026990854
1457,1461,4271.022445533762
1458,1462,4269.850884385608
1459,1463,4268.8235609236235
1460,1464,4267.967841519187
1461,1465,4267.310541255433
1462,1466,4266.877458591709
1463,1467,4266.685390926281
1464,1468,4266.759343560992
1465,1469,4267.108331408864
1466,1470,4267.73188155811
1467,1471,4268.6317338575
1468,1472,4269.782876983787
1469,1473,4271.164946602232
1470,1474,4272.7387289399185
1471,1475,4274.464428115963
1472,1476,4276.289885422511
1473,1477,4278.156865448696
1474,1478,4280.009745077641
1475,1479,4281.783546601523
1476,1440,4283.425743753423
1477,1441,4284.88705118298
1478,1442,4286.1244704504
1479,1443,4287.105832572793
1480,1484,4288.049192331156
1481,1485,4288.312373827827
1482,1486,4288.288317875036
1483,1487,4287.987494871228
1484,1488,4287.431450498316
1485,1489,4286.647697721115
1486,1490,4285.664383571866
1487,1491,4284.51746163083
1488,1492,4283.236795446015
1489,1493,4281.85374462767
1490,1494,4280.400969085941
1491,1495,4278.904322038517
1492,1496,4277.391733058036
1493,1497,4275.885371382913
1494,1498,4274.411780924027
1495,1499,4272.993107304238
1496,1500,4271.652633604017
1497,1501,4270.42035173411
1498,1502,4269.317403689124
1499,1503,4268.372670126696
1500,1504,4267.612902330277
1501,1505,4267.065334306717
1502,1506,4266.7479818746815
1503,1507,4266.688474377841
1504,1508,4266.8997213697385
1505,1509,4267.38476360478
1506,1510,4268.149708420265
1507,1511,4269.1766954504055
1508,1512,4270.448069439827
1509,1513,4271.9316152901565
1510,1514,4273.5861668949465
1511,1515,4275.368194256789
1512,1516,4277.220911697392
1513,1517,4279.087479116087
1514,1518,4280.91037300245
1515,1519,4282.625440496296
1516,1480,4284.181774976114
1517,1481,4285.536453442944
1518,1482,4286.648099226794
1519,1483,4287.491323893846
1520,1524,4287.807461114121
1521,1525,4288.217785091756
1522,1526,4288.336205030881
1523,1527,4288.170772801192
1524,1528,4287.739925887471
1525,1529,4287.066043878047
1526,1530,4286.17929787397
1527,1531,4285.110073192817
1528,1532,4283.891734141323
1529,1533,4282.556869208157
1530,1534,4281.134022417211
1531,1535,4279.656394158017
1532,1536,4278.148344904554
1533,1537,4276.63430517564
1534,1538,4275.142962598624
1535,1539,4273.693923724669
1536,1540,4272.311790744152
1537,1541,4271.02268178799
1538,1542,4269.850648124571
1539,1543,4268.823560923624
1540,1544,4267.968077791197
1541,1545,4267.3103049796155
1542,1546,4266.877694870024
1543,1547,4266.685390926282
1544,1548,4266.758871002986
1545,1549,4267.108331408865
1546,1550,4267.731881558111
1547,1551,4268.631733857502
1548,1552,4269.783349506632
1549,1553,4271.165198584956
1550,1554,4272.73872893992
1551,1555,4274.464428115962
1552,1556,4276.289885422512
1553,1557,4278.156613509419
1554,1558,4280.009745077638
1555,1559,4281.783546601522
1556,1520,4283.425743753423
1557,1521,4284.88705118298
1558,1522,4286.123998118097
1559,1523,4287.105360251867
1560,1564,4288.048720021351
1561,1565,4288.3128461344895
1562,1566,4288.288317875036
1563,1567,4287.987258715975
1564,1568,4287.431686656816
1565,1569,4286.647697721115
1566,1570,4285.664501656277
1567,1571,4284.5176535234505
1568,1572,4283.236544501568
1569,1573,4281.853685579899
1570,1574,4280.400850986164
1571,1575,4278.9042482234245
1572,1576,4277.391747821605
1573,1577,4275.885430439386
1574,1578,4274.411780924028
1575,1579,4272.992989182876
1576,1580,4271.652633604016
1577,1581,4270.420351734109
1578,1582,4269.317403689124
1579,1583,4268.3729063963465
1580,1584,4267.612902330277
1581,1585,4267.065334306717
1582,1586,4266.747509316575
1583,1587,4266.688001818992
1584,1588,4266.899721369738
1585,1589,4267.384763604779
1586,1590,4268.1501809621095
1587,1591,4269.17741997536
1588,1592,4270.447376396781
1589,1593,4271.9316152901565
1590,1594,4273.5861668949465
1591,1595,4275.367942300188
1592,1596,4277.2216046246585
1593,1597,4279.087479116087
1594,1598,4280.91037300245
1595,1599,4282.625440496296
1596,1560,4284.182247331128
1597,1561,4285.53598110373
1598,1562,4286.648099226794
1599,1563,4287.491323893847
40,1560,2161.279370202174
41,1561,2127.796040407039
42,1562,2062.2122210914868
43,1563,1968.1831489757408
44,1564,1851.4572025593686
45,1565,1720.195158936323
46,1566,1585.381386292441
47,1567,1461.1068054348743
48,1568,1363.990125334529
49,1569,1310.4357050284343
50,1570,1311.1492175228525
51,1571,1365.9298599288109
52,1572,1463.784984832538
53,1573,1588.2503413680354
54,1574,1722.8070485776332
55,1575,1853.5288274114007
56,1576,1969.5956779461937
57,1577,2062.993843247128
58,1578,2128.0916975718947
59,1579,2161.3124852310916
60,1580,2160.9391235494527
61,1581,2127.0179096473407
62,1582,2061.3539905397356
63,1583,1967.5958648188523
64,1584,1851.425409941612
65,1585,1720.8713628920937
66,1586,1586.724423760946
67,1587,1462.8183673197088
68,1588,1365.5209704904782
69,1589,1311.0981673493693
70,1590,1310.3898748713327
71,1591,1363.5940631505975
72,1592,1460.1547573707076
73,1593,1583.8658312688165
74,1594,1718.2647869917946
75,1595,1849.3539620821498
76,1596,1966.1801839503069
77,1597,2060.5665005529618
78,1598,2126.716978359425
79,1599,2160.9043059566957
80,0,2165.363846682911
81,1,2148.7038796404954
82,2,2098.8352388831167
83,3,2018.4469781032205
84,4,1912.2090503866425
85,5,1787.0286408432823
86,6,1652.424628498991
87,7,1520.93005662209
88,8,1408.0708903876812
89,9,1330.889364908873
90,10,1303.7330733392396
91,11,1332.264044420059
92,12,1410.4495259309008
93,13,1523.7681275177074
94,14,1655.212040469634
95,15,1789.395276804867
96,16,1913.955994350272
97,17,2019.5326297364038
98,18,2099.3501832978277
99,19,2148.8368091735947
100,20,2165.363849066875
101,21,2148.1017361097793
102,22,2097.9714002700266
103,23,2017.6830687199724
104,24,1911.8706033744204
105,25,1787.3431340177792
106,26,1653.4534870184746
107,27,1522.5110638328215
108,28,1409.7736468847359
109,29,1332.0716586885924
110,30,1303.733722570189
111,31,1330.7053955449592
112,32,1407.410437081758
113,33,1519.6863302905704
114,34,1650.6765756240638
115,35,1784.9790040069652
116,36,1910.1207930515868
117,37,2016.5930962393754
118,38,2097.451200994162
119,39,2147.9655595487397
120,40,2161.2801835543837
121,41,2127.7968411585025
122,42,2062.2129971618506
123,43,1968.1838896602342
124,44,1851.4582476950616
125,45,1720.195482615966
126,46,1585.3819829175113
127,47,1461.1074927560414
128,48,1363.9907990527945
129,49,1310.4361365390585
130,50,1311.1497109463908
131,51,1365.9303257767149
132,52,1463.7853979811066
133,53,1588.2507896465484
134,54,1722.8080210911382
135,55,1853.5291761797039
136,56,1969.5964191622616
137,57,2062.995007794117
138,58,2128.0924984346193
139,59,2161.3132985957664
140,60,2160.939936773617
141,61,2127.018710105968
142,62,2061.353990539736
143,63,1967.5966052823344
144,64,1851.4254099416123
145,65,1720.8713628920952
146,66,1586.7232295008641
147,67,1462.819468321796
148,68,1365.5219982608862
149,69,1311.098430476537
150,70,1310.3905981617145
151,71,1363.594063150598
152,72,1460.1558563680019
153,73,1583.867023378256
154,74,1718.2660802576947
155,75,1849.3553540133787
156,76,1966.1801839503087
157,77,2060.5672760039934
158,78,2126.718579050791
159,79,2160.9051191677568
160,80,2165.3638466829107
161,81,2148.7038796404954
162,82,2098.8348439569313
163,83,2018.4469781032194
164,84,1912.2090503866434
165,85,1787.0283045880792
166,86,1652.4249394266262
167,87,1520.9300566220898
168,88,1408.0709400655974
169,89,1330.8893649088732
170,90,1303.7330733392398
171,91,1332.2642010980212
172,92,1410.4495259309015
173,93,1523.7681275177079
174,94,1655.2117290176263
175,95,1789.3949401043478
176,96,1913.9559943502693
177,97,2019.5326297364038
178,98,2099.3501832978277
179,99,2148.8368091735947
180,100,2165.364663955876
181,101,2148.102544502551
182,102,2097.97061074274
183,103,2017.6830687199742
184,104,1911.871322866592
185,105,1787.341788760515
186,106,1653.4547315036243
187,107,1522.5099179034073
188,108,1409.774707962284
189,109,1332.0709234310095
190,110,1303.732479656459
191,111,1330.7063971111504
192,112,1407.409377783697
193,113,1519.6857583888939
194,114,1650.6753332299127
195,115,1784.9783322680246
196,116,1910.1215118855284
197,117,2016.5923373373912
198,118,2097.451200994162
199,119,2147.965559548739
200,120,2161.2801835543833
201,121,2127.7968411585002
202,122,2062.2129971618506
203,123,1968.183889660233
204,124,1851.4578993164982
205,125,1720.1953207761444
206,126,1585.3819829175106
207,127,1461.107301863328
208,128,1363.9907348891509
209,129,1310.4361981834331
210,130,1311.1498343022738
211,131,1365.9303257767153
212,132,1463.7853979811064
213,133,1588.250789646548
214,134,1722.8076969199715
215,135,1853.529176179704
216,136,1969.596419162263
217,137,2062.9950077941176
218,138,2128.09249843462
219,139,2161.314111960428
220,140,2160.9407499977756
221,141,2127.017909647345
222,142,2061.355542034502
223,143,1967.5958648188532
224,144,1851.4268034319334
225,145,1720.8726581198557
226,146,1586.7244237609461
227,147,1462.8183673197063
228,148,1365.521244539876
229,149,1311.0991541580174
230,150,1310.3896118863643
231,151,1363.595089470706
232,152,1460.1553068693595
233,153,1583.8664273235388
234,154,1718.2654336247467
235,155,1849.3546580477675
236,156,1966.180183950307
237,157,2060.567276003992
238,158,2126.71857905079
239,159,2160.9051191677568
240,160,2165.3638466829098
241,161,2148.703475330804
242,162,2098.8352388831163
243,163,2018.4469781032199
244,164,1912.2090503866434
245,165,1787.0283045880788
246,166,1652.4249782925801
247,167,1520.929985075847
248,168,1408.0708407097643
249,169,1330.889364908873
250,170,1303.7329506811295
251,171,1332.2638250709097
252,172,1410.4492605344371
253,173,1523.7681275177079
254,174,1655.211729017624
255,175,1789.394940104349
256,176,1913.9559943502702
257,177,2019.5318697278956
258,178,2099.35097334398
259,179,2148.8360005041864
260,180,2165.3630341778626
261,181,2148.1009277169996
262,182,2097.972189797305
263,183,2017.683828032431
264,184,1911.869883882242
265,185,1787.34313401778
266,186,1653.4534870184764
267,187,1522.5102234592634
268,188,1409.7739298153
269,189,1332.07165868859
270,190,1303.7334609212621
271,191,1330.7053955449614
272,192,1407.410437081758
273,193,1519.6857583888961
274,194,1650.675954426991
275,195,1784.978332268027
276,196,1910.1215118855282
277,197,2016.592337337391
278,198,2097.451200994162
279,199,2147.9659637195014
280,200,2161.279776878279
281,201,2127.7964407827712
282,202,2062.2126091266696
283,203,1968.1835193179888
284,204,1851.4574638432935
285,205,1720.1951993962787
286,206,1585.3816846049767
287,207,1461.1071337918236
288,208,1363.9906386436844
289,209,1310.4357666728095
290,210,1311.1492175228527
291,211,1365.9300687571827
292,212,1463.784847116347
293,213,1588.250191941864
294,214,1722.8070485776332
295,215,1853.5284786430943
296,216,1969.595677946192
297,217,2062.9942314294617
298,218,2128.091697571895
299,219,2161.312485231093
300,220,2160.9391235494527
301,221,2127.0195105645844
302,222,2061.353990539735
303,223,1967.597345745808
304,224,1851.4254099416119
305,225,1720.8713628920952
306,226,1586.7223536837312
307,227,1462.8186608959345
308,228,1365.5209704904767
309,229,1311.098167349369
310,230,1310.3896118863686
311,231,1363.5940631505978
312,232,1460.1547573707085
313,233,1583.865831268817
314,234,1718.2647869917955
315,235,1849.3539620821498
316,236,1966.1794440198676
317,237,2060.56688827848
318,238,2126.718178877952
319,239,2160.904712562227
320,240,2165.3638466829125
321,241,2148.7038796404945
322,242,2098.8354363462086
323,243,2018.4468831532274
324,244,1912.2089604342
325,245,1787.0282625561786
326,246,1652.424900560672
327,247,1520.9301281683329
328,248,1408.0708903876807
329,249,1330.8893649088727
330,250,1303.7330733392394
331,251,1332.2640757556514
332,252,1410.449525930901
333,253,1523.7681275177079
334,254,1655.2117290176252
335,255,1789.3949401043462
336,256,1913.9552740733022
337,257,2019.5333897449043
338,258,2099.3493932516667
339,259,2148.8376178429958
340,260,2165.3646639558806
341,261,2148.1025445025543
342,262,2097.970610742742
343,263,2017.682309407509
344,264,1911.8713228665888
345,265,1787.3421474660606
346,266,1653.4550633388244
347,267,1522.511063832821
348,268,1409.7736468847336
349,269,1332.0706560948288
350,270,1303.7324796564587
351,271,1330.7058963280567
352,272,1407.409907432729
353,273,1519.685758388895
354,274,1650.675954426991
355,275,1784.9783322680262
356,276,1910.121511885529
357,277,2016.5919578863964
358,278,2097.451200994162
359,279,2147.9655595487393
360,280,2161.280183554385
361,281,2127.7970413463645
362,282,2062.212900153055
363,283,1968.183831794258
364,284,1851.4578993164985
365,285,1720.1954421560106
366,286,1585.3819829175109
367,287,1461.1072178275756
368,288,1363.9907669709733
369,289,1310.4361365390585
370,290,1311.1497109463905
371,291,1365.9303257767153
372,292,1463.7853979811066
373,293,1588.250789646548
374,294,1722.8076969199712
375,295,1853.5298737163075
376,296,1969.597160378326
377,297,2062.995784158764
378,298,2128.0932992973394
379,299,2161.3124852310934
380,300,2160.9391235494527
381,301,2127.017909647341
382,302,2061.355542034502
383,303,1967.5962596999848
384,304,1851.42578150824
385,305,1720.871708257542
386,306,1586.724423760946
387,307,1462.8194683217955
388,308,1365.5219982608862
389,309,1311.0991541580177
390,310,1310.3905981617145
391,311,1363.5945763106545
392,312,1460.1553068693577
393,313,1583.8664273235395
394,314,1718.2654336247479
395,315,1849.3550060305733
396,316,1966.1801839503073
397,317,2060.5672760039934
398,318,2126.718579050792
399,319,2160.9051191677568
400,320,2165.3638466829098
401,321,2148.7039807179176
402,322,2098.835183346622
403,323,2018.446930628223
404,324,1912.209050386643
405,325,1787.0283466199792
406,326,1652.4249394266267
407,327,1520.9300566220902
408,328,1408.0708903876807
409,329,1330.8893649088734
410,330,1303.7330733392405
411,331,1332.2640757556514
412,332,1410.4495259309012
413,333,1523.7687009556969
414,334,1655.2111061136038
415,335,1789.3942667033054
416,336,1913.956714627232
417,337,2019.5318697278965
418,338,2099.3509733439805
419,339,2148.8360005041895
420,340,2165.36303417786
421,341,2148.100927716997
422,342,2097.972610843617
423,343,2017.6827143405987
424,344,1911.8702675796067
425,345,1787.341788760515
426,346,1653.4534870184739
427,347,1522.5099179034075
428,348,1409.7747079622845
429,349,1332.0716586885906
430,350,1303.732970288863
431,351,1330.7058963280572
432,352,1407.409907432731
433,353,1519.6857583888946
434,354,1650.6762650255282
435,355,1784.9779963985538
436,356,1910.1215118855284
437,357,2016.5925270628884
438,358,2097.4512009941623
439,359,2147.9655595487384
440,360,2161.280132719871
441,361,2127.796841158501
442,362,2062.212997161851
443,363,1968.1839475262095
444,364,1851.4579864111386
445,365,1720.1956444557864
446,366,1585.3819829175102
447,367,1461.1073552918092
448,368,1363.9907669709728
449,369,1310.4361365390585
450,370,1311.1497109463905
451,371,1365.9303257767153
452,372,1463.7853979811061
453,373,1588.2513873512269
454,374,1722.808345262304
455,375,1853.5284786430964
456,376,1969.5956779461906
457,377,2062.99423142946
458,378,2128.0916975718924
459,379,2161.314111960432
460,380,2160.941183681381
461,381,2127.018336523232
462,382,2061.3544042373906
463,383,1967.595864818854
464,384,1851.4268034319327
465,385,1720.872658119859
466,386,1586.723229500864
467,387,1462.8183673197086
468,388,1365.5209704904785
469,389,1311.098167349369
470,390,1310.3901050240427
471,391,1363.5945763106542
472,392,1460.1555816186828
473,393,1583.8667253508977
474,394,1718.2654336247479
475,395,1849.354658047768
476,396,1966.180368932916
477,397,2060.56746986675
478,398,2126.718679094
479,399,2160.9051191677563
480,400,2165.363846682911
481,401,2148.7038796404954
482,402,2098.8352944196117
483,403,2018.4469306282235
484,404,1912.2091403390855
485,405,1787.0283045880792
486,406,1652.4249394266258
487,407,1520.9300566220902
488,408,1408.0708903876812
489,409,1330.8893649088734
490,410,1303.733073339239
491,411,1332.2640757556512
492,412,1410.4500567238251
493,413,1523.7675540797136
494,414,1655.2123519216434
495,415,1789.3956135053838
496,416,1913.9552740733025
497,417,2019.5333897449043
498,418,2099.3493932516694
499,419,2148.8380490975956
500,420,2165.3634687493177
501,421,2148.1013588240853
502,422,2097.970610742741
503,423,2017.6838280324282
504,424,1911.8698838822447
505,425,1787.3431340177774
506,426,1653.4547315036248
507,427,1522.511063832821
508,428,1409.7741774235117
509,429,1332.0706560948277
510,430,1303.7329702888628
511,431,1330.7058963280572
512,432,1407.40990743273
513,433,1519.685758388895
514,434,1650.6759544269914
515,435,1784.9785002027613
516,436,1910.1216915940126
517,437,2016.5922424746432
518,438,2097.4511516609423
519,439,2147.9655090273927
520,440,2161.2810477410985
521,441,2127.7976419099537
522,442,2062.213870241
523,443,1968.1846303447194
524,444,1851.4585960736204
525,445,1720.1961299752459
526,446,1585.3822812300432
527,447,1461.1079051487382
528,448,1363.991280280123
529,449,1310.4366296940532
530,450,1311.1502043699243
531,451,1365.930325776715
532,452,1463.785948845861
533,453,1588.2513873512264
534,454,1722.8083452623034
535,455,1853.5298737163048
536,456,1969.5971603783232
537,457,2062.9961981855977
538,458,2128.093726388721
539,459,2161.314545718963
540,460,2160.9407499977756
541,461,2127.019510564585
542,462,2061.3555420345015
543,463,1967.5973457458083
544,464,1851.4268034319332
545,465,1720.8726581198553
546,466,1586.724423760946
547,467,1462.8200188228282
548,468,1365.5219982608883
549,469,1311.0991541580177
550,470,1310.3905981617145
551,471,1363.595346050731
552,472,1460.1558563680048
553,473,1583.8670233782555
554,474,1718.2660802576954
555,475,1849.355267017677
556,476,1966.180923880741
557,477,2060.567978756484
558,478,2126.719379396463
559,479,2160.9059323788115
560,480,2165.3630317939
561,481,2148.7029699436885
562,482,2098.83425156765
563,483,2018.446408403261
564,484,1912.2083307670996
565,485,1787.0276320776695
566,486,1652.424628498991
567,487,1520.9291980671694
568,488,1408.070360489902
569,489,1330.8888640567325
570,490,1303.7325827067964
571,491,1332.2640757556533
572,492,1410.4489951379721
573,493,1523.767554079713
574,494,1655.2111061136015
575,495,1789.3942667033054
576,496,1913.9556581891854
577,497,2019.532275032178
578,498,2099.3498145746994
579,499,2148.8360005041864
580,500,2165.3630341778658
581,501,2148.1009277170033
582,502,2097.9706107427414
583,503,2017.6823094075114
584,504,1911.8698838822456
585,505,1787.341788760518
586,506,1653.453487018474
587,507,1522.5099179034075
588,508,1409.773646884736
589,509,1332.0706560948297
590,510,1303.732479656459
591,511,1330.705645936509
592,512,1407.4093777836977
593,513,1519.685186487214
594,514,1650.6751779306423
595,515,1784.9776185453964
596,516,1910.1207481244653
597,517,2016.5915784354004
598,518,2097.4504609958635
599,519,2147.9648017285526
600,520,2161.2793702021736
601,521,2127.7958402191734
602,522,2062.2122210914863
603,523,1968.1831489757417
604,524,1851.4572025593698
605,525,1720.1948352566792
606,526,1585.3813862924421
607,527,1461.1068054348746
608,528,1363.9902536618179
609,529,1310.436136539059
610,530,1311.1497109463924
611,531,1365.9298117376484
612,532,1463.7848471163466
613,533,1588.2501919418637
614,534,1722.8070485776334
615,535,1853.5288506317913
616,536,1969.5960732286715
617,537,2062.994231429457
618,538,2128.091697571895
619,539,2161.3124852310925
620,540,2160.939123549452
621,541,2127.0179096473444
622,542,2061.353990539736
623,543,1967.5958648188528
624,544,1851.425409941612
625,545,1720.8713628920943
626,546,1586.7238266309073
627,547,1462.8183673197088
628,548,1365.5209704904767
629,549,1311.098167349369
630,550,1310.3893653175267
631,551,1363.5940631505978
632,552,1460.1547573707069
633,553,1583.8657567619766
634,554,1718.2647970954345
635,555,1849.3539185842988
636,556,1966.1794440198673
637,557,2060.5665732514963
638,558,2126.7176786619016
639,559,2160.904305956694
640,560,2165.3646615719135
641,561,2148.7046882598706
642,562,2098.8360287354812
643,563,2018.4477377031576
644,564,1912.2097700061795
645,565,1787.028640843281
646,566,1652.4255612818924
647,567,1520.9306289920298
648,568,1408.0714202854547
649,569,1330.889364908873
650,570,1303.733563971678
651,571,1332.2645771251284
652,572,1410.450056723825
653,573,1523.7687009556967
654,574,1655.212684109583
655,575,1789.3959726228386
656,576,1913.9567146272316
657,577,2019.5333897449048
658,578,2099.350973343981
659,579,2148.8376178429958
660,580,2165.3646639558783
661,581,2148.102544502551
662,582,2097.9721897973027
663,583,2017.6838280324314
664,584,1911.8720423587508
665,585,1787.3431340177804
666,586,1653.4541092610523
667,587,1522.511063832821
668,588,1409.7747079622823
669,589,1332.07165868859
670,590,1303.7334609212626
671,591,1330.7063971111488
672,592,1407.410304669501
673,593,1519.6863302905704
674,594,1650.676653273697
675,595,1784.9789620232816
676,596,1910.1222756465838
677,597,2016.5931911021225
678,598,2097.4519903256733
679,599,2147.9663678902634
680,600,2161.2793702021736
681,601,2127.796440782772
682,602,2062.2118330563026
683,603,1968.1827786334911
684,604,1851.4572025593702
685,605,1720.1948352566806
686,606,1585.38138629244
687,607,1461.1068054348743
688,608,1363.9902536618179
689,609,1310.4356433840594
690,610,1311.149217522851
691,611,1365.9298117376484
692,612,1463.7848471163493
693,613,1588.2493152819002
694,614,1722.8060976468691
695,615,1853.5284786430946
696,616,1969.5956779461937
697,617,2062.9942314294626
698,618,2128.0916975718956
699,619,2161.312485231093
700,620,2160.939123549453
701,621,2127.0179096473403
702,622,2061.3539905397347
703,623,1967.5966052823346
704,624,1851.4254099416123
705,625,1720.8713628920962
706,626,1586.7232295008625
707,627,1462.8183673197088
708,628,1365.520970490477
709,629,1311.0981673493686
710,630,1310.389611886366
711,631,1363.5939348605825
712,632,1460.1547230270412
713,633,1583.8658312688171
714,634,1718.2647768881548
715,635,1849.3539185842983
716,636,1966.179259037256
717,637,2060.5663066902025
718,638,2126.7177787051114
719,639,2160.9043059566943
720,640,2165.3630317939005
721,641,2148.703475330804
722,642,2098.8348439569313
723,643,2018.4462185032737
724,644,1912.2083307671016
725,645,1787.0276320776698
726,646,1652.4243175713545
727,647,1520.9294842521435
728,648,1408.0703604899008
729,649,1330.8888640567347
730,650,1303.7325827067968
731,651,1332.2635743861672
732,652,1410.448995137974
733,653,1523.7678598879668
734,654,1655.211106113604
735,655,1789.3942667033045
736,656,1913.9552740733025
737,657,2019.5318697278956
738,658,2099.3493932516667
739,659,2148.836000504186
740,660,2165.363034177862
741,661,2148.101736109779
742,662,2097.97061074274
743,663,2017.6823094075078
744,664,1911.869883882245
745,665,1787.3417887605137
746,666,1653.4534870184739
747,667,1522.5099179034073
748,668,1409.7736468847354
749,669,1332.0706560948286
750,670,1303.7324796564585
751,671,1330.7052703491865
752,672,1407.4094398519437
753,673,1519.6851864872137
754,674,1650.6752555802777
755,675,1784.9775765617117
756,676,1910.1206133431006
757,677,2016.5913887099014
758,678,2097.4504116626426
759,679,2147.964751207207
760,680,2161.2805902304876
761,681,2127.797641909955
762,682,2062.213773232207
763,683,1968.1846303447194
764,684,1851.4585960736213
765,685,1720.1961299752447
766,686,1585.3825795425741
767,687,1461.1084550056628
768,688,1363.9912802801225
769,689,1310.436629694053
770,690,1311.150204369924
771,691,1365.9311139472231
772,692,1463.7862426160457
773,693,1588.2513873512269
774,694,1722.808345262306
775,695,1853.5298737163043
776,696,1969.5971603783225
777,697,2062.9957841587666
778,698,2128.0932992973367
779,699,2161.313298595765
780,700,2160.939936773618
781,701,2127.0203110231996
782,702,2061.3555420345024
783,703,1967.5973457458078
784,704,1851.426803431933
785,705,1720.8726581198557
786,706,1586.7244237609455
787,707,1462.8194683217932
788,708,1365.5222552034877
789,709,1311.0992775090979
790,710,1310.3906598039232
791,711,1363.5951055069584
792,712,1460.1558907116696
793,713,1583.8670978850946
794,714,1718.2660802576954
795,715,1849.3555280047808
796,716,1966.1809238807407
797,717,2060.568051455018
798,718,2126.719779569296
799,719,2160.906338984336
800,720,2165.3646615719135
801,721,2148.7046882598706
802,722,2098.8360287354812
803,723,2018.4477377031583
804,724,1912.2097700061788
805,725,1787.0289770984818
806,726,1652.4249394266262
807,727,1520.9306289920316
808,728,1408.0714202854576
809,729,1330.8898657610068
810,730,1303.7335639716778
811,731,1332.2638417610672
812,732,1410.4492782040734
813,733,1523.7687009556969
814,734,1655.2123519216407
815,735,1789.3956135053845
816,736,1913.9567146272316
817,737,2019.5333897449043
818,738,2099.3501832978277
819,739,2148.836809173595
820,740,2165.364663955876
821,741,2148.102544502551
822,742,2097.972189797303
823,743,2017.6838280324312
824,744,1911.8713228665886
825,745,1787.3431340177813
826,746,1653.4547315036248
827,747,1522.5110638328208
828,748,1409.7747079622823
829,749,1332.0716586885903
830,750,1303.733522250312
831,751,1330.7064284100916
832,752,1407.4103750135125
833,753,1519.6863302905708
834,754,1650.6767309233312
835,755,1784.979004006965
836,756,1910.1222307194628
837,757,2016.5934756903646
838,758,2097.4519903256737
839,759,2147.9659637195014
840,760,2161.2793702021722
841,761,2127.796040407039
842,762,2062.2122210914868
843,763,1968.1831489757408
844,764,1851.4572025593684
845,765,1720.19483525668
846,766,1585.381386292441
847,767,1461.1068054348739
848,768,1363.990253661818
849,769,1310.4356433840592
850,770,1311.1484938131805
851,771,1365.9298117376463
852,772,1463.7848471163468
853,773,1588.2501919418637
854,774,1722.807048577633
855,775,1853.5284786430977
856,776,1969.595677946192
857,777,2062.9942314294603
858,778,2128.091697571894
859,779,2161.312485231093
860,780,2160.9391235494522
861,781,2127.017909647341
862,782,2061.353990539735
863,783,1967.595864818854
864,784,1851.4254099416123
865,785,1720.8713628920955
866,786,1586.7232295008644
867,787,1462.8183673197086
868,788,1365.5208420191732
869,789,1311.0981056738285
870,790,1310.3896118863663
871,791,1363.5940471143456
872,792,1460.154757370707
873,793,1583.865831268817
874,794,1718.2647869917946
875,795,1849.3536140993388
876,796,1966.1794440198687
877,797,2060.56688827848
878,798,2126.7177787051114
879,799,2160.9043059566948
880,800,2165.3630317939
881,801,2148.7030710211116
882,802,2098.8344490307445
883,803,2018.446218503275
884,804,1912.2076111475494
885,805,1787.0276320776693
886,806,1652.4243175713543
887,807,1520.9294842521433
888,808,1408.0703604898988
889,809,1330.8888640567327
890,810,1303.732844355749
891,811,1332.2635743861672
892,812,1410.4489951379699
893,813,1523.7675540797134
894,814,1655.2111061136034
895,815,1789.393593302255
896,816,1913.9552740733027
897,817,2019.5311097193808
898,818,2099.349393251667
899,819,2148.8360005041864
900,820,2165.363034177864
901,821,2148.100927717
902,822,2097.9706107427423
903,823,2017.6823094075105
904,824,1911.8698838822452
905,825,1787.341452446195
906,826,1653.4534870184737
907,827,1522.5099179034073
908,828,1409.773514250041
909,829,1332.0707187569396
910,830,1303.7324796564585
911,831,1330.7053642460176
912,832,1407.409510195956
913,833,1519.6851864872137
914,834,1650.675022631371
915,835,1784.9779963985548
916,836,1910.1207930515868
917,837,2016.5915784354004
918,838,2097.450411662643
919,839,2147.964751207208
920,840,2161.2809969065866
921,841,2127.7976419099537
922,842,2062.2137732322076
923,843,1968.1853710291982
924,844,1851.4585960736201
925,845,1720.1961299752475
926,846,1585.3825795425748
927,847,1461.1079051487386
928,848,1363.991280280123
929,849,1310.4359063782636
930,850,1311.1502043699243
931,851,1365.9308398157793
932,852,1463.785948845859
933,853,1588.2513873512266
934,854,1722.80899360463
935,855,1853.529873716307
936,856,1969.5971603783246
937,857,2062.995784158767
938,858,2128.0932992973385
939,859,2161.3141119604293
940,860,2160.940749997775
941,861,2127.0195105645876
942,862,2061.3555420345024
943,863,1967.5973457458078
944,864,1851.4264550593548
945,865,1720.8726581198557
946,866,1586.7244237609466
947,867,1462.8194683217937
948,868,1365.5220303787135
949,869,1311.0991541580177
950,870,1310.3905365195058
951,871,1363.595217760719
952,872,1460.1558563680042
953,873,1583.8667253508982
954,874,1718.2660802576947
955,875,1849.3553540133785
956,876,1966.1809238807405
957,877,2060.5680514550177
958,878,2126.719379396463
959,879,2160.905932378811
960,880,2165.365476460909
961,881,2148.7038796404945
962,882,2098.8360287354812
963,883,2018.4477377031571
964,884,1912.2097700061788
965,885,1787.0289770984823
966,886,1652.4255612818947
967,887,1520.930628992031
968,888,1408.0714202854558
969,889,1330.8901328600082
970,890,1303.733563971678
971,891,1332.2645771251307
972,892,1410.4500567238274
973,893,1523.7687009556967
974,894,1655.2117290176259
975,895,1789.3956135053838
976,896,1913.9567146272313
977,897,2019.5333897449048
978,898,2099.3509733439805
979,899,2148.8376178429953
980,900,2165.364663955878
981,901,2148.1025445025507
982,902,2097.9725845609396
983,903,2017.6838280324307
984,904,1911.8713228665886
985,905,1787.3431340177794
986,906,1653.4547315036248
987,907,1522.5110638328213
988,908,1409.774757700292
989,909,1332.0716586885906
990,910,1303.733399592213
991,911,1330.7065223069208
992,912,1407.4104370817577
993,913,1519.6863302905706
994,914,1650.676575624063
995,915,1784.9790040069652
996,916,1910.1222307194632
997,917,2016.5930962393752
998,918,2097.4519903256733
999,919,2147.9663678902625
1000,920,2161.280183554384
1001,921,2127.7960404070423
1002,922,2062.2122210914868
1003,923,1968.1831489757412
1004,924,1851.4572025593702
1005,925,1720.1948352566767
1006,926,1585.381386292441
1007,927,1461.1068054348743
1008,928,1363.9905274040145
1009,929,1310.4356433840592
1010,930,1311.1492175228525
1011,931,1365.9298117376484
1012,932,1463.7848471163488
1013,933,1588.2507896465481
1014,934,1722.807048577633
1015,935,1853.5284786430943
1016,936,1969.5956779461935
1017,937,2062.99423142946
1018,938,2128.091697571895
1019,939,2161.312485231092
1020,940,2160.9391235494536
1021,941,2127.017909647341
1022,942,2061.353990539736
1023,943,1967.5958648188528
1024,944,1851.4255841279037
1025,945,1720.871362892095
1026,946,1586.723229500864
1027,947,1462.8183382893803
1028,948,1365.520938372651
1029,949,1311.0982290249108
1030,950,1310.3896118863663
1031,951,1363.5940631505982
1032,952,1460.154482621381
1033,953,1583.865831268817
1034,954,1718.2647869917946
1035,955,1849.3539620821512
1036,956,1966.179444019866
1037,957,2060.5665005529604
1038,958,2126.717778705112
1039,959,2160.9034927456246
1040,960,2165.3646615719126
1041,961,2148.704688259874
1042,962,2098.8360287354812
1043,963,2018.447737703158
1044,964,1912.209770006179
1045,965,1787.0289770984818
1046,966,1652.4255612818902
1047,967,1520.9309342307008
1048,968,1408.0717028741801
1049,969,1330.8898657610105
1050,970,1303.733563971678
1051,971,1332.2645771251305
1052,972,1410.4505875167429
1053,973,1523.7687009556969
1054,974,1655.2123519216407
1055,975,1789.3956135053854
1056,976,1913.9567146272316
1057,977,2019.533389744904
1058,978,2099.3509733439805
1059,979,2148.838022177692
1060,980,2165.3650714003766
1061,981,2148.1021403061654
1062,982,2097.972189797303
1063,983,2017.6838280324314
1064,984,1911.8711429935477
1065,985,1787.3431340177808
1066,986,1653.4548092839461
1067,987,1522.5110280225272
1068,988,1409.7746582242728
1069,989,1332.0715960264808
1070,990,1303.7334609212621
1071,991,1330.7061467196036
1072,992,1407.4104370817577
1073,993,1519.6863302905706
1074,994,1650.6765756240648
1075,995,1784.9790040069652
1076,996,1910.122230719463
1077,997,2016.5923373373912
1078,998,2097.4519903256733
1079,999,2147.967176231778
1080,1000,2161.2793702021736
1081,1001,2127.796040407038
1082,1002,2062.2122210914863
1083,1003,1968.183148975741
1084,1004,1851.4572025593702
1085,1005,1720.1948352566794
1086,1006,1585.38170446611
1087,1007,1461.1059989537262
1088,1008,1363.9902536618174
1089,1009,1310.4356433840576
1090,1010,1311.149217522852
1091,1011,1365.9298117376475
1092,1012,1463.784847116346
1093,1013,1588.2501919418637
1094,1014,1722.8070485776336
1095,1015,1853.528478643094
1096,1016,1969.5956779461933
1097,1017,2062.9946196117894
1098,1018,2128.091697571895
1099,1019,2161.312891913431
1100,1020,2160.9391235494522
1101,1021,2127.017909647341
1102,1022,2061.353796602886
1103,1023,1967.5956797029833
1104,1024,1851.4254099416123
1105,1025,1720.8712819403595
1106,1026,1586.723229500864
1107,1027,1462.8183963500376
1108,1028,1365.5210989617792
1109,1029,1311.0980439982866
1110,1030,1310.3898584552046
1111,1031,1363.5938065705664
1112,1032,1460.1547573707064
1113,1033,1583.8658312688183
1114,1034,1718.2647869917946
1115,1035,1849.354658047766
1116,1036,1966.1801839503073
1117,1037,2060.565725101923
1118,1038,2126.7177787051114
1119,1039,2160.9043059566934
1120,1040,2165.3614020158566
1121,1041,2148.7014537823197
1122,1042,2098.8328693259778
1123,1043,2018.444699303364
1124,1044,1912.2068915279947
1125,1045,1787.0266456993352
1126,1046,1652.4234054894584
1127,1047,1520.9283395122347
1128,1048,1408.0693006943268
1129,1049,1330.8878623524377
1130,1050,1303.7316014418966
1131,1051,1332.2630730166784
1132,1052,1410.4479335521003
1133,1053,1523.766407203708
1134,1054,1655.209860305543
1135,1055,1789.3929199012002
1136,1056,1913.9541936578375
1137,1057,2019.5303497108578
1138,1058,2099.348208182411
1139,1059,2148.8343831653474
1140,1060,2165.361404399817
1141,1061,2148.099513029619
1142,1062,2097.969031688149
1143,1063,2017.6807907825585
1144,1064,1911.8684898661363
1145,1065,1787.3405065621612
1146,1066,1653.4522425332998
1147,1067,1522.5088077842677
1148,1068,1409.7727184418657
1149,1069,1332.0696535010488
1150,1070,1303.7314983916365
1151,1071,1330.7043939787554
1152,1072,1407.408318485617
1153,1073,1519.6840426838355
1154,1074,1650.6740908357372
1155,1075,1784.975645312206
1156,1076,1910.1200742176395
1157,1077,2016.5900606313974
1158,1078,2097.448832999583
1159,1079,2147.9631345241196
1160,1080,2161.280996906589
1161,1081,2127.797641909953
1162,1082,2062.213773232207
1163,1083,1968.1835439747351
1164,1084,1851.4589676466185
1165,1085,1720.1964752049153
1166,1086,1585.3825795425741
1167,1087,1461.1079051487377
1168,1088,1363.9912802801234
1169,1089,1310.436629694055
1170,1090,1311.150697793453
1171,1091,1365.9308398157784
1172,1092,1463.7859488458607
1173,1093,1588.2513873512262
1174,1094,1722.8080210911382
1175,1095,1853.5295249480066
1176,1096,1969.597160378322
1177,1097,2062.995784158767
1178,1098,2128.093099081658
1179,1099,2161.314111960429
1180,1100,2160.9407499977756
1181,1101,2127.0193104499335
1182,1102,2061.3556390029244
1183,1103,1967.5974151642579
1184,1104,1851.4268034319334
1185,1105,1720.87273907159
1186,1106,1586.724423760946
1187,1107,1462.819468321794
1188,1108,1365.521998260888
1189,1109,1311.0991541580177
1190,1110,1310.3905981617158
1191,1111,1363.5950894707069
1192,1112,1460.1558563680044
1193,1113,1583.8676194329653
1194,1114,1718.266726890636
1195,1115,1849.3553540133787
1196,1116,1966.1809238807411
1197,1117,2060.568051455018
1198,1118,2126.719379396462
1199,1119,2160.9059323788115
1200,1120,2165.3646615719135
1201,1121,2148.70468825987
1202,1122,2098.8364499551635
1203,1123,2018.448142789548
1204,1124,1912.2101537714568
1205,1125,1787.0289770984816
1206,1126,1652.4255612818947
1207,1127,1520.9306289920312
1208,1128,1408.0714202854558
1209,1129,1330.8898657610089
1210,1130,1303.7335639716778
1211,1131,1332.2645771251307
1212,1132,1410.4500567238251
1213,1133,1523.7687009556969
1214,1134,1655.2123519216407
1215,1135,1789.3956135053845
1216,1136,1913.9567146272313
1217,1137,2019.5333897449054
1218,1138,2099.350973343981
1219,1139,2148.837617842996
1220,1140,2165.364663955878
1221,1141,2148.1025445025516
1222,1142,2097.9721466200303
1223,1143,2017.683780575403
1224,1144,1911.8713678348493
1225,1145,1787.3430709588463
1226,1146,1653.4546537233036
1227,1147,1522.5110638328208
1228,1148,1409.7747079622825
1229,1149,1332.07165868859
1230,1150,1303.733460921263
1231,1151,1330.7063971111486
1232,1152,1407.410437081759
1233,1153,1519.685758388895
1234,1154,1650.6765756240634
1235,1155,1784.979004006965
1236,1156,1910.1222307194648
1237,1157,2016.5930962393754
1238,1158,2097.451990325677
1239,1159,2147.966367890263
1240,1160,2161.27980395407
1241,1161,2127.7980689419983
1242,1162,2062.214187102094
1243,1163,1968.1846303447167
1244,1164,1851.4585960736229
1245,1165,1720.1961299752431
1246,1166,1585.3825795425741
1247,1167,1461.1079051487386
1248,1168,1363.9907669709728
1249,1169,1310.4371228490434
1250,1170,1311.150204369924
1251,1171,1365.9308398157775
1252,1172,1463.7859488458616
1253,1173,1588.2513873512269
1254,1174,1722.8083452623034
1255,1175,1853.529873716308
1256,1176,1969.5971603783237
1257,1177,2062.9957841587666
1258,1178,2128.093299297337
1259,1179,2161.314061125138
1260,1180,2160.9408262375396
1261,1181,2127.0195605932513
1262,1182,2061.355542034502
1263,1183,1967.5972763273573
1264,1184,1851.4268034319327
1265,1185,1720.8726581198566
1266,1186,1586.7244237609461
1267,1187,1462.8194683217932
1268,1188,1365.5217413182872
1269,1189,1311.0991541580177
1270,1190,1310.3905981617145
1271,1191,1363.5950894707066
1272,1192,1460.1564058666459
1273,1193,1583.8670233782577
1274,1194,1718.2660802576947
1275,1195,1849.3553540133787
1276,1196,1966.1809238807407
1277,1197,2060.5680514550177
1278,1198,2126.719379396463
1279,1199,2160.905932378811
1280,1200,2165.363466365355
1281,1201,2148.7051194877963
1282,1202,2098.8360287354812
1283,1203,2018.4477377031585
1284,1204,1912.2097700061786
1285,1205,1787.0289770984823
1286,1206,1652.4255612818927
1287,1207,1520.9306289920312
1288,1208,1408.0714202854556
1289,1209,1330.8898657610089
1290,1210,1303.7335639716778
1291,1211,1332.2645771251293
1292,1212,1410.4500567238244
1293,1213,1523.7684142367034
1294,1214,1655.2123519216411
1295,1215,1789.3956135053845
1296,1216,1913.956714627232
1297,1217,2019.5334847459667
1298,1218,2099.3509733439805
1299,1219,2148.837567301158
1300,1220,2165.3646639558774
1301,1221,2148.1025445025507
1302,1222,2097.972232974576
1303,1223,2017.68387548946
1304,1224,1911.8714128031093
1305,1225,1787.3431340177797
1306,1226,1653.4547315036245
1307,1227,1522.5110638328208
1308,1228,1409.7747079622832
1309,1229,1332.0716586885903
1310,1230,1303.7334609212626
1311,1231,1330.7063971111481
1312,1232,1407.409907432729
1313,1233,1519.6863302905708
1314,1234,1650.6765756240661
1315,1235,1784.9790040069652
1316,1236,1910.1222307194612
1317,1237,2016.5930962393752
1318,1238,2097.45199032567
1319,1239,2147.965182286965
1320,1240,2161.280996906586
1321,1241,2127.797641909957
1322,1242,2062.213773232207
1323,1243,1968.1846303447219
1324,1244,1851.4585960736176
1325,1245,1720.1961299752488
1326,1246,1585.3825795425748
1327,1247,1461.1084550056626
1328,1248,1363.991280280122
1329,1249,1310.4366296940525
1330,1250,1311.1502043699238
1331,1251,1365.9310968353068
1332,1252,1463.7859488458607
1333,1253,1588.2512379250575
1334,1254,1722.808345262303
1335,1255,1853.5300481004565
1336,1256,1969.5971603783232
1337,1257,2062.9957598973715
1338,1258,2128.0932992973376
1339,1259,2161.3141627957207
1340,1260,2160.940673758011
1341,1261,2127.0194605359243
1342,1262,2061.3556390029244
1343,1263,1967.5975308616755
1344,1264,1851.4266292456457
1345,1265,1720.8726581198553
1346,1266,1586.7244237609455
1347,1267,1462.8194683217948
1348,1268,1365.521998260888
1349,1269,1311.0991541580177
1350,1270,1310.3905981617136
1351,1271,1363.5950894707069
1352,1272,1460.155856368004
1353,1273,1583.867023378253
1354,1274,1718.2660802576947
1355,1275,1849.3553540133785
1356,1276,1966.1809238807405
1357,1277,2060.5684649946215
1358,1278,2126.719806212112
1359,1279,2160.9063660554298
1360,1280,2165.3614020158593
1361,1281,2148.7014537823225
1362,1282,2098.8328693259773
1363,1283,2018.44469930336
1364,1284,1912.2068915279926
1365,1285,1787.0262870568315
1366,1286,1652.4230738607923
1367,1287,1520.9283395122345
1368,1288,1408.0693006943268
1369,1289,1330.8878623524374
1370,1290,1303.7316014418968
1371,1291,1332.2625716471862
1372,1292,1410.4479335520996
1373,1293,1523.7665505632096
1374,1294,1655.2099381685482
1375,1295,1789.3930040763328
1376,1296,1913.95381101069
1377,1297,2019.530349710859
1378,1298,2099.347813159323
1379,1299,2148.834433707186
1380,1300,2165.3614043998164
1381,1301,2148.0991088332194
1382,1302,2097.9690316881497
1383,1303,2017.6807907825585
1384,1304,1911.8684448978745
1385,1305,1787.3404435032257
1386,1306,1653.4522425333007
1387,1307,1522.5087719739722
1388,1308,1409.772585807168
1389,1309,1332.0696535010482
1390,1310,1303.7314983916356
1391,1311,1330.704894761861
1392,1312,1407.408318485617
1393,1313,1519.684042683836
1394,1314,1650.674090835736
1395,1315,1784.9763170511728
1396,1316,1910.1183010621003
1397,1317,2016.5904653455932
1398,1318,2097.4492539415132
1399,1319,2147.9631345241196
1400,1320,2161.2777434977306
1401,1321,2127.7944389040968
1402,1322,2062.210668950736
1403,1323,1968.1816676067347
1404,1324,1851.4558090450962
1405,1325,1720.1928931787832
1406,1326,1585.3801930422846
1407,1327,1461.1057057209898
1408,1328,1363.9892270434943
1409,1329,1310.4346570740472
1410,1330,1311.1479839639874
1411,1331,1365.9287836594992
1412,1332,1463.7836076706192
1413,1333,1588.2490712455656
1414,1334,1722.8057974795101
1415,1335,1853.5270835698554
1416,1336,1969.5941955140356
1417,1337,2062.99270296152
1418,1338,2128.0900958464235
1419,1339,2161.3108585017258
1420,1340,2160.937497101099
1421,1341,2127.016508844726
1422,1342,2061.3524390449397
1423,1343,1967.5943838918708
1424,1344,1851.424364823853
1425,1345,1720.87006766431
1426,1346,1586.7220352407592
1427,1347,1462.8172663176022
1428,1348,1365.5199427200466
1429,1349,1311.0971805407025
1430,1350,1310.3881324733088
1431,1351,1363.5930368304691
1432,1352,1460.1536583733894
1433,1353,1583.8646391593559
1434,1354,1718.26349372587
1435,1355,1849.3515493705308
1436,1356,1966.1768788949175
1437,1357,2060.5649496508768
1438,1358,2126.7161780137308
1439,1359,2160.902679534546
1440,1360,2165.364661571913
1441,1361,2148.70468825987
1442,1362,2098.8360287354817
1443,1363,2018.4477377031583
1444,1364,1912.2097700061813
1445,1365,1787.0289770984818
1446,1366,1652.4255612818927
1447,1367,1520.9306289920312
1448,1368,1408.0714202854554
1449,1369,1330.8898657610087
1450,1370,1303.7333186554595
1451,1371,1332.2645771251307
1452,1372,1410.4500567238247
1453,1373,1523.7686651158224
1454,1374,1655.2123519216407
1455,1375,1789.3956135053843
1456,1376,1913.9567371358867
1457,1377,2019.5332947438424
1458,1378,2099.3509733439805
1459,1379,2148.8376178429953
1460,1380,2165.364663955878
1461,1381,2148.102544502551
1462,1382,2097.9721897973027
1463,1383,2017.6838280324312
1464,1384,1911.8713228665883
1465,1385,1787.3434703320922
1466,1386,1653.454731503625
1467,1387,1522.511063832821
1468,1388,1409.7747079622823
1469,1389,1332.0716586885903
1470,1390,1303.7334609212623
1471,1391,1330.7063971111481
1472,1392,1407.4104370817577
1473,1393,1519.6863302905726
1474,1394,1650.6769069017091
1475,1395,1784.9793622380391
1476,1396,1910.1222307194632
1477,1397,2016.593096239375
1478,1398,2097.451990325676
1479,1399,2147.966367890263
1480,1400,2161.2809969065866
1481,1401,2127.7976419099527
1482,1402,2062.2137732322076
1483,1403,1968.1853710291987
1484,1404,1851.457899316498
1485,1405,1720.196129975246
1486,1406,1585.3825795425744
1487,1407,1461.1079051487384
1488,1408,1363.9912802801234
1489,1409,1310.4363831165565
1490,1410,1311.1502043699236
1491,1411,1365.930839815778
1492,1412,1463.7859660603842
1493,1413,1588.2513873512269
1494,1414,1722.8082996757337
1495,1415,1853.529873716307
1496,1416,1969.597160378323
1497,1417,2062.9957841587666
1498,1418,2128.093499513015
1499,1419,2161.314111960429
1500,1420,2160.940749997775
1501,1421,2127.0195105645876
1502,1422,2061.355542034502
1503,1423,1967.597345745808
1504,1424,1851.4268034319332
1505,1425,1720.872658119857
1506,1426,1586.7244237609461
1507,1427,1462.8194683217937
1508,1428,1365.5219982608876
1509,1429,1311.0991541580177
1510,1430,1310.3905981617145
1511,1431,1363.5950894707066
1512,1432,1460.1558563680046
1513,1433,1583.866149138326
1514,1434,1718.2651318341248
1515,1435,1849.355354013379
1516,1436,1966.180923880741
1517,1437,2060.5680514550177
1518,1438,2126.7193793964625
1519,1439,2160.9059323788115
1520,1440,2165.3646615719135
1521,1441,2148.7046882598706
1522,1442,2098.8352388831167
1523,1443,2018.4469781032196
1524,1444,1912.2097700061788
1525,1445,1787.028977098482
1526,1446,1652.4255612818922
1527,1447,1520.9306289920312
1528,1448,1408.0711553365684
1529,1449,1330.890116187075
1530,1450,1303.733686629787
1531,1451,1332.2644517827616
1532,1452,1410.4500043702262
1533,1453,1523.7686651158228
1534,1454,1655.2124297846426
1535,1455,1789.3955293302547
1536,1456,1913.9567146272316
1537,1457,2019.5333897449038
1538,1458,2099.3509733439805
1539,1459,2148.837617842995
1540,1460,2165.364256511376
1541,1461,2148.1029486989337
1542,1462,2097.9717950336653
1543,1463,2017.6838280324312
1544,1464,1911.8713228665888
1545,1465,1787.3431340177801
1546,1466,1653.4547315036239
1547,1467,1522.511063832821
1548,1468,1409.7741774235114
1549,1469,1332.0716586885906
1550,1470,1303.7334609212626
1551,1471,1330.7063971111504
1552,1472,1407.4104370817577
1553,1473,1519.6866352795166
1554,1474,1650.6765756240654
1555,1475,1784.979004006965
1556,1476,1910.1222307194632
1557,1477,2016.5930962393759
1558,1478,2097.4519903256705
1559,1479,2147.966367890263
1560,1480,2161.2818102587808
1561,1481,2127.796841158501
1562,1482,2062.2137732322076
1563,1483,1968.1846303447194
1564,1484,1851.4585960736201
1565,1485,1720.196129975246
1566,1486,1585.3825795425741
1567,1487,1461.1076302202741
1568,1488,1363.9915369346954
1569,1489,1310.4366296940532
1570,1490,1311.1503277258066
1571,1491,1365.9307916246155
1572,1492,1463.7859316313372
1573,1493,1588.2513126381423
1574,1494,1722.8083452623034
1575,1495,1853.5296993321567
1576,1496,1969.5971603783232
1577,1497,2062.995784158767
1578,1498,2128.093299297337
1579,1499,2161.3137052781
1580,1500,2160.940749997775
1581,1501,2127.019510564587
1582,1502,2061.355542034502
1583,1503,1967.597345745809
1584,1504,1851.426803431933
1585,1505,1720.872658119856
1586,1506,1586.7238266309078
1587,1507,1462.818917820754
1588,1508,1365.521998260888
1589,1509,1311.0991541580172
1590,1510,1310.3905981617145
1591,1511,1363.5953631333857
1592,1512,1460.1550504123693
1593,1513,1583.8670233782557
1594,1514,1718.2660802576947
1595,1515,1849.3553540133782
1596,1516,1966.1809238807402
1597,1517,2060.5680514550177
1598,1518,2126.719379396463
1599,1519,2160.9059323788097
