0,0,0,-0.07938015837909068,-100.66289768573021,550
1,0,1,7.1123809968927665,-95.2040329161376,550
2,0,2,14.239714131652336,-89.57043141700855,550
3,0,3,21.2274373460032,-83.57117574066288,550
4,0,4,27.982837652151606,-76.9835197578881,550
5,0,5,34.383339621478854,-69.53827888330488,550
6,0,6,40.26034515696506,-60.91488501840781,550
7,0,7,45.38097895885864,-50.76943472339217,550
8,0,8,49.43809425037329,-38.841783168245115,550
9,0,9,52.0752781002394,-25.183460715159782,550
10,0,10,52.98067090114337,-10.412375795327026,550
11,0,11,52.02915041767972,4.338408521631985,550
12,0,12,49.355196244416845,17.94605908192546,550
13,0,13,45.27538081919566,29.812491651541695,550
14,0,14,40.146110243096594,39.900445414124164,550
15,0,15,34.272294405952785,48.47543372837335,550
16,0,16,27.88416190921243,55.881445411458614,550
17,0,17,21.147956142179055,62.43719075043108,550
18,0,18,14.184215429551399,68.40972672674367,550
19,0,19,7.083916610413562,74.01985286569538,550
20,0,20,-0.07933461489114844,79.45678589786309,550
21,0,21,-7.239924534359,84.89410825081347,550
22,0,22,-14.332342595855112,90.50535454078907,550
23,0,23,-21.28319388774531,96.4794546304216,550
24,0,24,-28.001917785598035,103.03662064874142,550
25,0,25,-34.36861714872289,110.4426972186238,550
26,0,26,-40.21818922940774,119.01425677790964,550
27,0,27,-45.32219835086151,129.09161350199483,550
28,0,28,-49.378743321580465,140.93559865490383,550
29,0,29,-52.03562543701289,154.5056272525884,550
30,0,30,-52.98067431623795,169.20702204477223,550
31,0,31,-52.08143210068158,-176.0714851040401,550
32,0,32,-49.46111198787623,-162.4512136348209,550
33,0,33,-45.42721592444504,-150.54642613792046,550
34,0,34,-40.3319016338047,-140.41183242859057,550
35,0,35,-34.479273043466264,-131.79202441300777,550
36,0,36,-28.10033398134875,-124.34674938747868,550
37,0,37,-21.362564100995442,-117.7577068763024,550
38,0,38,-14.38784129795605,-111.75688025644762,550
39,0,39,-7.268460210937667,-106.12215860629469,550
40,1,0,3.5202679722803474,-88.94417820219925,550
41,1,1,10.688510951960533,-83.42045395624821,550
42,1,2,17.756283983383945,-77.6294985590204,550
43,1,3,24.64096611014235,-71.36649512787469,550
44,1,4,31.23669196142149,-64.3870116829838,550
45,1,5,37.40012489484677,-56.395523014434204,550
46,1,6,42.93269765086757,-47.052695078975944,550
47,1,7,47.56430356856657,-36.03591072135261,550
48,1,8,50.95634285002957,-23.205531846625178,550
49,1,9,52.75820480968688,-8.873914104595736,550
50,1,10,52.73448356269943,6.04388925502442,550
51,1,11,50.89023344905302,20.33769763112961,550
52,1,12,47.46821646732283,33.10976547336535,550
53,1,13,42.82113675605917,44.06602410965861,550
54,1,14,37.28617684892344,53.35566536204999,550
55,1,15,31.130844519853802,61.30350229161402,550
56,1,16,24.5511679055769,68.24768731887428,550
57,1,17,17.688308233216688,74.4816282951016,550
58,1,18,10.646248302697433,80.24771497356139,550
59,1,19,3.5059685443661026,85.74893374619725,550
60,1,20,-3.663963199586368,91.16472734288377,550
61,1,21,-10.79895937970787,96.66673158727417,550
62,1,22,-17.830596441553684,102.43420479413547,550
63,1,23,-24.67821113168643,108.66975086481774,550
64,1,24,-31.238314131349366,115.61487162799429,550
65,1,25,-37.3706423832944,123.56138691595393,550
66,1,26,-42.88054574145994,132.84454290372838,550
67,1,27,-47.502910413211914,143.78488036906634,550
68,1,28,-50.90417386514902,156.52704905821037,550
69,1,29,-52.736180864708174,170.77633996885268,550
70,1,30,-52.759734772060966,-174.3570803016102,550
71,1,31,-50.96983930382952,-160.07033263355953,550
72,1,32,-47.59842719365996,-147.2703122421455,550
73,1,33,-42.991539730567226,-136.26977348946306,550
74,1,34,-37.484125976354164,-126.93362889410764,550
75,1,35,-31.34384396912065,-118.94356432000001,550
76,1,36,-24.767823213596998,-111.96315879957118,550
77,1,37,-17.89852096530217,-105.698570764538,550
78,1,38,-10.84126301010599,-99.90622200871952,550
79,1,39,-3.678351419959823,-94.38171229101391,550
80,2,0,-0.07938015837909068,-82.66289718483458,550
81,2,1,7.1123809968927665,-77.20403241524197,550
82,2,2,14.239714131652336,-71.57043091611293,550
83,2,3,21.2274373460032,-65.57117523976724,550
84,2,4,27.982837652151606,-58.98351925699247,550
85,2,5,34.383339621478854,-51.538274967314656,550
86,2,6,40.26034515696506,-42.91488793260676,550
87,2,7,45.38097895885864,-32.76943422249654,550
88,2,8,49.43809425037329,-20.841782667349477,550
89,2,9,52.0752781002394,-7.183460214264151,550
90,2,10,52.98067090114337,7.587624705568608,550
91,2,11,52.02915041767972,22.338408595640797,550
92,2,12,49.355196244416845,35.94605958282109,550
93,2,13,45.27538081919566,47.81249215243733,550
94,2,14,40.146110243096594,57.900449330114384,550
95,2,15,34.272294405952785,66.47543764436357,550
96,2,16,27.88416190921243,73.88144591235425,550
97,2,17,21.147956142179055,80.43719125132671,550
98,2,18,14.184215429551399,86.40972722763931,550
99,2,19,7.083916610413562,92.01985336659102,550
100,2,20,-0.07933461489114844,97.45678639875872,550
101,2,21,-7.239924534359,102.89410875170911,550
102,2,22,-14.332342595855112,108.50535504168471,550
103,2,23,-21.28319388774531,114.47945513131722,550
104,2,24,-28.001917785598035,121.03662114963706,550
105,2,25,-34.36861714872289,128.4427045497086,550
106,2,26,-40.21818922940774,137.0142504486161,550
107,2,27,-45.32219835086151,147.09162083307965,550
108,2,28,-49.378743321580465,158.9355923256103,550
109,2,29,-52.03562543701289,172.5056345836732,550
110,2,30,-52.98067431623795,-172.7929669816773,550
111,2,31,-52.08143210068158,-158.07149143333365,550
112,2,32,-49.46111198787623,-144.45120630373611,550
113,2,33,-45.42721592444504,-132.54641880683567,550
114,2,34,-40.3319016338047,-122.41182509750577,550
115,2,35,-34.479273043466264,-113.79201708192295,550
116,2,36,-28.10033398134875,-106.34675571677221,550
117,2,37,-21.362564100995442,-99.75769954521759,550
118,2,38,-14.38784129795605,-93.75687975555198,550
119,2,39,-7.268460210937667,-88.12215810539905,550
120,3,0,3.5202679722803474,-70.94417770130362,550
121,3,1,10.688510951960533,-65.42045345535257,550
122,3,2,17.756283983383945,-59.62949805812477,550
123,3,3,24.64096611014235,-53.36649462697905,550
124,3,4,31.23669196142149,-46.38700776699357,550
125,3,5,37.40012489484677,-38.39552251353857,550
126,3,6,42.93269765086757,-29.052694578080306,550
127,3,7,47.56430356856657,-18.035908512909682,550
128,3,8,50.95634285002957,-5.205530918842722,550
129,3,9,52.75820480968688,9.126086396299899,550
130,3,10,52.73448356269943,24.043889755920056,550
131,3,11,50.89023344905302,38.337698132025245,550
132,3,12,47.46821646732283,51.10976597426099,550
133,3,13,42.82113675605917,62.06602461055425,550
134,3,14,37.28617684892344,71.35566927804021,550
135,3,15,31.130844519853802,79.30350279250966,550
136,3,16,24.5511679055769,86.24768781976992,550
137,3,17,17.688308233216688,92.48162879599724,550
138,3,18,10.646248302697433,98.24771547445702,550
139,3,19,3.5059685443661026,103.74893424709289,550
140,3,20,-3.663963199586368,109.16472784377939,550
141,3,21,-10.79895937970787,114.66673208816981,550
142,3,22,-17.830596441553684,120.43419846484193,550
143,3,23,-24.67821113168643,126.66975136571337,550
144,3,24,-31.238314131349366,133.61486529870075,550
145,3,25,-37.3706423832944,141.5613805866604,550
146,3,26,-42.88054574145994,150.84453657443484,550
147,3,27,-47.502910413211914,161.78488770015116,550
148,3,28,-50.90417386514902,174.52705638929515,550
149,3,29,-52.736180864708174,-171.22366271797517,550
150,3,30,-52.759734772060966,-156.35707297052542,550
151,3,31,-50.96983930382952,-142.07033896285307,550
152,3,32,-47.59842719365996,-129.27030491106072,550
153,3,33,-42.991539730567226,-118.26976615837825,550
154,3,34,-37.484125976354164,-108.93362156302284,550
155,3,35,-31.34384396912065,-100.9435569889152,550
156,3,36,-24.767823213596998,-93.96315829867554,550
157,3,37,-17.89852096530217,-87.69857026364237,550
158,3,38,-10.84126301010599,-81.90622150782389,550
159,3,39,-3.678351419959823,-76.38171179011829,550
160,4,0,-0.07938015837909068,-64.66289668393894,550
161,4,1,7.1123809968927665,-59.20403191434634,550
162,4,2,14.239714131652336,-53.57043383031187,550
163,4,3,21.2274373460032,-47.57117473887161,550
164,4,4,27.982837652151606,-40.98351875609684,550
165,4,5,34.383339621478854,-33.538274466419026,550
166,4,6,40.26034515696506,-24.914887431711126,550
167,4,7,45.38097895885864,-14.769433721600908,550
168,4,8,49.43809425037329,-2.8417815261236106,550
169,4,9,52.0752781002394,10.816540286631483,550
170,4,10,52.98067090114337,25.587625206464242,550
171,4,11,52.02915041767972,40.33841080408372,550
172,4,12,49.355196244416845,53.94606008371672,550
173,4,13,45.27538081919566,65.81249265333297,550
174,4,14,40.146110243096594,75.90044983101002,550
175,4,15,34.272294405952785,84.4754381452592,550
176,4,16,27.88416190921243,91.88144641324988,550
177,4,17,21.147956142179055,98.43719175222235,550
178,4,18,14.184215429551399,104.40972772853493,550
179,4,19,7.083916610413562,110.01985386748665,550
180,4,20,-0.07933461489114844,115.45679372984353,550
181,4,21,-7.239924534359,120.89411608279391,550
182,4,22,-14.332342595855112,126.50534871239117,550
183,4,23,-21.28319388774531,132.47945563221285,550
184,4,24,-28.001917785598035,139.03662848072187,550
185,4,25,-34.36861714872289,146.44269822041505,550
186,4,26,-40.21818922940774,155.0142577797009,550
187,4,27,-45.32219835086151,165.0916145037861,550
188,4,28,-49.378743321580465,176.9355996566951,550
189,4,29,-52.03562543701289,-169.49436810315467,550
190,4,30,-52.98067431623795,-154.79297331097084,550
191,4,31,-52.08143210068158,-140.07148410224883,550
192,4,32,-49.46111198787623,-126.45121263302964,550
193,4,33,-45.42721592444504,-114.54641830594004,550
194,4,34,-40.3319016338047,-104.4118314267993,550
195,4,35,-34.479273043466264,-95.79201658102733,550
196,4,36,-28.10033398134875,-88.34675521587658,550
197,4,37,-21.362564100995442,-81.75769904432195,550
198,4,38,-14.38784129795605,-75.75687925465634,550
199,4,39,-7.268460210937667,-70.12215760450341,550
200,5,0,3.5202679722803474,-52.94417720040799,550
201,5,1,10.688510951960533,-47.420452954456934,550
202,5,2,17.756283983383945,-41.629497557229136,550
203,5,3,24.64096611014235,-35.36649412608342,550
204,5,4,31.23669196142149,-28.38700726609794,550
205,5,5,37.40012489484677,-20.395523720190234,550
206,5,6,42.93269765086757,-11.052694077184674,550
207,5,7,47.56430356856657,-0.03590867568965736,550
208,5,8,50.95634285002957,12.794469155166087,550
209,5,9,52.75820480968688,27.126087750969177,550
210,5,10,52.73448356269943,42.04389196436298,550
211,5,11,50.89023344905302,56.337698632920876,550
212,5,12,47.46821646732283,69.10976647515662,550
213,5,13,42.82113675605917,80.06602511144987,550
214,5,14,37.28617684892344,89.35566977893585,550
215,5,15,31.130844519853802,97.30350329340529,550
216,5,16,24.5511679055769,104.24768832066556,550
217,5,17,17.688308233216688,110.48162929689288,550
218,5,18,10.646248302697433,116.24771597535266,550
219,5,19,3.5059685443661026,121.74894157817769,550
220,5,20,-3.663963199586368,127.16473517486419,550
221,5,21,-10.79895937970787,132.66672575887628,550
222,5,22,-17.830596441553684,138.43420579592674,550
223,5,23,-24.67821113168643,144.66974503641984,550
224,5,24,-31.238314131349366,151.61487262978557,550
225,5,25,-37.3706423832944,159.5613879177452,550
226,5,26,-42.88054574145994,168.84454390551966,550
227,5,27,-47.502910413211914,179.78488137085762,550
228,5,28,-50.90417386514902,-167.4729462975327,550
229,5,29,-52.736180864708174,-153.22365538689036,550
230,5,30,-52.759734772060966,-138.35707929981896,550
231,5,31,-50.96983930382952,-124.07033163176825,550
232,5,32,-47.59842719365996,-111.27030441016508,550
233,5,33,-42.991539730567226,-100.26976565748262,550
234,5,34,-37.484125976354164,-90.93362106212722,550
235,5,35,-31.34384396912065,-82.94355648801957,550
236,5,36,-24.767823213596998,-75.9631577977799,550
237,5,37,-17.89852096530217,-69.69856976274674,550
238,5,38,-10.84126301010599,-63.906221006928256,550
239,5,39,-3.678351419959823,-58.38171128922265,550
240,6,0,-0.07938015837909068,-46.662896183043316,550
241,6,1,7.1123809968927665,-41.20403482854529,550
242,6,2,14.239714131652336,-35.57043332941624,550
243,6,3,21.2274373460032,-29.571174237975974,550
244,6,4,27.982837652151606,-22.983518255201208,550
245,6,5,34.383339621478854,-15.538273965523393,550
246,6,6,40.26034515696506,-6.914886503928671,550
247,6,7,45.38097895885864,3.2305659255210797,550
248,6,8,49.43809425037329,15.158218334441788,550
249,6,9,52.0752781002394,28.816540787527117,550
250,6,10,52.98067090114337,43.58762399981258,550
251,6,11,52.02915041767972,58.33840788988477,550
252,6,12,49.355196244416845,71.94605716951777,550
253,6,13,45.27538081919566,83.81249315422859,550
254,6,14,40.146110243096594,93.90045033190565,550
255,6,15,34.272294405952785,102.47543864615484,550
256,6,16,27.88416190921243,109.88144691414551,550
257,6,17,21.147956142179055,116.4371854229288,550
258,6,18,14.184215429551399,122.40973505961973,550
259,6,19,7.083916610413562,128.01984753819312,550
260,6,20,-0.07933461489114844,133.45678740054998,550
261,6,21,-7.239924534359,138.89410975350037,550
262,6,22,-14.332342595855112,144.50535604347598,550
263,6,23,-21.28319388774531,150.47946296329766,550
264,6,24,-28.001917785598035,157.03662215142833,550
265,6,25,-34.36861714872289,164.44270555149987,550
266,6,26,-40.21818922940774,173.0142514504074,550
267,6,27,-45.32219835086151,-176.90838818304175,550
268,6,28,-49.378743321580465,-165.06440303013278,550
269,6,29,-52.03562543701289,-151.49436077206985,550
270,6,30,-52.98067431623795,-136.79296597988602,550
271,6,31,-52.08143210068158,-122.07149043154237,550
272,6,32,-49.46111198787623,-108.45120530194484,550
273,6,33,-45.42721592444504,-96.5464178050444,550
274,6,34,-40.3319016338047,-86.41183092590367,550
275,6,35,-34.479273043466264,-77.79201608013169,550
276,6,36,-28.10033398134875,-70.34675471498095,550
277,6,37,-21.362564100995442,-63.75769854342633,550
278,6,38,-14.38784129795605,-57.75687875376072,550
279,6,39,-7.268460210937667,-52.1221536885132,550
280,7,0,3.5202679722803474,-34.944180114606944,550
281,7,1,10.688510951960533,-29.42045586865589,550
282,7,2,17.756283983383945,-23.629500471428088,550
283,7,3,24.64096611014235,-17.366497040282365,550
284,7,4,31.23669196142149,-10.387011034070538,550
285,7,5,37.40012489484677,-2.3955262075023613,550
286,7,6,42.93269765086757,6.947303008616375,550
287,7,7,47.56430356856657,17.964089073786997,550
288,7,8,50.95634285002957,30.794467948514427,550
289,7,9,52.75820480968688,45.126083129222934,550
290,7,10,52.73448356269943,60.043885635069444,550
291,7,11,50.89023344905302,74.33769571872193,550
292,7,12,47.46821646732283,87.10976014586308,550
293,7,13,42.82113675605917,98.06601878215635,550
294,7,14,37.28617684892344,107.35566344964231,550
295,7,15,31.130844519853802,115.30349696411176,550
296,7,16,24.5511679055769,122.24768199137202,550
297,7,17,17.688308233216688,128.48162296759935,550
298,7,18,10.646248302697433,134.24770964605912,550
299,7,19,3.5059685443661026,139.74893524888415,550
300,7,20,-3.663963199586368,145.16472884557066,550
301,7,21,-10.79895937970787,150.66673308996107,550
302,7,22,-17.830596441553684,156.4341994666332,550
303,7,23,-24.67821113168643,162.66975236750463,550
304,7,24,-31.238314131349366,169.61486630049203,550
305,7,25,-37.3706423832944,177.56138158845167,550
306,7,26,-42.88054574145994,-173.15547244168656,550
307,7,27,-47.502910413211914,-162.21512131597026,550
308,7,28,-50.90417386514902,-149.47295262682624,550
309,7,29,-52.736180864708174,-135.2236617161839,550
310,7,30,-52.759734772060966,-120.35708562911249,550
311,7,31,-50.96983930382952,-106.0703379610618,550
312,7,32,-47.59842719365996,-93.27031073945861,550
313,7,33,-42.991539730567226,-82.26977198677615,550
314,7,34,-37.484125976354164,-72.93362739142074,550
315,7,35,-31.34384396912065,-64.94356281731311,550
316,7,36,-24.767823213596998,-57.96316412707344,550
317,7,37,-17.89852096530217,-51.69857267694569,550
318,7,38,-10.84126301010599,-45.90622392112721,550
319,7,39,-3.678351419959823,-40.3817142034216,550
320,8,0,-0.07938015837909068,-28.662895682147678,550
321,8,1,7.1123809968927665,-23.204034327649655,550
322,8,2,14.239714131652336,-17.570431120973314,550
323,8,3,21.2274373460032,-11.571174590853987,550
324,8,4,27.982837652151606,-4.98351860807922,550
325,8,5,34.383339621478854,2.4617261084854176,550
326,8,6,40.26034515696506,11.08511357008014,550
327,8,7,45.38097895885864,21.23056728019036,550
328,8,8,49.43809425037329,33.15821883533742,550
329,8,9,52.0752781002394,46.81654128842275,550
330,8,10,52.98067090114337,61.587624500708216,550
331,8,11,52.02915041767972,76.3384083907804,550
332,8,12,49.355196244416845,89.94605767041341,550
333,8,13,45.27538081919566,101.81249365512423,550
334,8,14,40.146110243096594,111.90045083280128,550
335,8,15,34.272294405952785,120.47543914705047,550
336,8,16,27.88416190921243,127.88144058485197,550
337,8,17,21.147956142179055,134.4371927540136,550
338,8,18,14.184215429551399,140.4097287303262,550
339,8,19,7.083916610413562,146.0198548692779,550
340,8,20,-0.07933461489114844,151.4567947316348,550
341,8,21,-7.239924534359,156.8941170845852,550
342,8,22,-14.332342595855112,162.50534971418244,550
343,8,23,-21.28319388774531,168.47945663400412,550
344,8,24,-28.001917785598035,175.03662948251312,550
345,8,25,-34.36861714872289,-177.55729713532799,550
346,8,26,-40.21818922940774,-168.98573757604214,550
347,8,27,-45.32219835086151,-158.90838085195696,550
348,8,28,-49.378743321580465,-147.06440935942632,550
349,8,29,-52.03562543701289,-133.4943671013634,550
350,8,30,-52.98067431623795,-118.79297230917958,550
351,8,31,-52.08143210068158,-104.07148993064673,550
352,8,32,-49.46111198787623,-90.45120480104922,550
353,8,33,-45.42721592444504,-78.54641730414876,550
354,8,34,-40.3319016338047,-68.41183042500803,550
355,8,35,-34.479273043466264,-59.79201557923605,550
356,8,36,-28.10033398134875,-52.346754214085315,550
357,8,37,-21.362564100995442,-45.75770145762528,550
358,8,38,-14.38784129795605,-39.75687825286508,550
359,8,39,-7.268460210937667,-34.12215318761756,550
360,9,0,3.5202679722803474,-16.944179613711306,550
361,9,1,10.688510951960533,-11.420453660212964,550
362,9,2,17.756283983383945,-5.629500824306101,550
363,9,3,24.64096611014235,0.6335029270047388,550
364,9,4,31.23669196142149,7.612989466825096,550
365,9,5,37.40012489484677,15.60447386650645,550
366,9,6,42.93269765086757,24.947303509512007,550
367,9,7,47.56430356856657,35.96408786713534,550
368,9,8,50.95634285002957,48.79446844941006,550
369,9,9,52.75820480968688,63.126083630118565,550
370,9,10,52.73448356269943,78.04388613596508,550
371,9,11,50.89023344905302,92.33769621961756,550
372,9,12,47.46821646732283,105.10976064675872,550
373,9,13,42.82113675605917,116.06601928305197,550
374,9,14,37.28617684892344,125.35566395053795,550
375,9,15,31.130844519853802,133.30350429519655,550
376,9,16,24.5511679055769,140.24768932245684,550
377,9,17,17.688308233216688,146.48163029868414,550
378,9,18,10.646248302697433,152.24771697714394,550
379,9,19,3.5059685443661026,157.7489289195906,550
380,9,20,-3.663963199586368,163.16472251627712,550
381,9,21,-10.79895937970787,168.66672676066753,550
382,9,22,-17.830596441553684,174.434206797718,550
383,9,23,-24.67821113168643,-179.33025031932323,550
384,9,24,-31.238314131349366,-172.38513638633583,550
385,9,25,-37.3706423832944,-164.43862109837622,550
386,9,26,-42.88054574145994,-155.15546511060174,550
387,9,27,-47.502910413211914,-144.21511398488545,550
388,9,28,-50.90417386514902,-131.47294529574145,550
389,9,29,-52.736180864708174,-117.2236543850991,550
390,9,30,-52.759734772060966,-102.35707829802769,550
391,9,31,-50.96983930382952,-88.07033746016616,550
392,9,32,-47.59842719365996,-75.27031023856298,550
393,9,33,-42.991539730567226,-64.26977148588053,550
394,9,34,-37.484125976354164,-54.93362689052511,550
395,9,35,-31.34384396912065,-46.943558901322895,550
396,9,36,-24.767823213596998,-39.9631636261778,550
397,9,37,-17.89852096530217,-33.69857217605006,550
398,9,38,-10.84126301010599,-27.906223420231573,550
399,9,39,-3.678351419959823,-22.381713702525968,550
400,10,0,-0.07938015837909068,-10.662895181252047,550
401,10,1,7.1123809968927665,-5.204032972980374,550
402,10,2,14.239714131652336,0.4295688996746434,550
403,10,3,21.2274373460032,6.428825483154823,550
404,10,4,27.982837652151606,13.016481892816413,550
405,10,5,34.383339621478854,20.461727036267874,550
406,10,6,40.26034515696506,29.085114070975774,550
407,10,7,45.38097895885864,39.230567781085995,550
408,10,8,49.43809425037329,51.15821933623305,550
409,10,9,52.0752781002394,64.81654178931838,550
410,10,10,52.98067090114337,79.58762500160385,550
411,10,11,52.02915041767972,94.33840889167604,550
412,10,12,49.355196244416845,107.94605817130903,550
413,10,13,45.27538081919566,119.81250098620903,550
414,10,14,40.146110243096594,129.90044450350774,550
415,10,15,34.272294405952785,138.47543281775694,550
416,10,16,27.88416190921243,145.88144791593677,550
417,10,17,21.147956142179055,152.43718642472007,550
418,10,18,14.184215429551399,158.409736061411,550
419,10,19,7.083916610413562,164.0198485399844,550
420,10,20,-0.07933461489114844,169.45678840234126,550
421,10,21,-7.239924534359,174.89411075529165,550
422,10,22,-14.332342595855112,-179.49463931226708,550
423,10,23,-21.28319388774531,-173.52054605282373,550
424,10,24,-28.001917785598035,-166.96337320431473,550
425,10,25,-34.36861714872289,-159.55730346462153,550
426,10,26,-40.21818922940774,-150.98574390533568,550
427,10,27,-45.32219835086151,-140.9083871812505,550
428,10,28,-49.378743321580465,-129.0644020283415,550
429,10,29,-52.03562543701289,-115.49435977027859,550
430,10,30,-52.98067431623795,-100.79297180828394,550
431,10,31,-52.08143210068158,-86.0714894297511,550
432,10,32,-49.46111198787623,-72.45120430015358,550
433,10,33,-45.42721592444504,-60.54641680325313,550
434,10,34,-40.3319016338047,-50.411826509017814,550
435,10,35,-34.479273043466264,-41.792018493435,550
436,10,36,-28.10033398134875,-34.34675371318968,550
437,10,37,-21.362564100995442,-27.75769924918235,550
438,10,38,-14.38784129795605,-21.756877751969448,550
439,10,39,-7.268460210937667,-16.122152686721932,550
440,11,0,3.5202679722803474,1.055820460297503,550
441,11,1,10.688510951960533,6.579546840682671,550
442,11,2,17.756283983383945,12.370499676589533,550
443,11,3,24.64096611014235,18.6335039615089,550
444,11,4,31.23669196142149,25.612990821494375,550
445,11,5,37.40012489484677,33.604476074949375,550
446,11,6,42.93269765086757,42.94730401040764,550
447,11,7,47.56430356856657,53.96408836803097,550
448,11,8,50.95634285002957,66.7944689503057,550
449,11,9,52.75820480968688,81.1260841310142,550
450,11,10,52.73448356269943,96.0438866368607,550
451,11,11,50.89023344905302,110.3376967205132,550
452,11,12,47.46821646732283,123.10976114765435,550
453,11,13,42.82113675605917,134.06602661413677,550
454,11,14,37.28617684892344,143.35567128162273,550
455,11,15,31.130844519853802,151.30349796590303,550
456,11,16,24.5511679055769,158.2476829931633,550
457,11,17,17.688308233216688,164.4816239693906,550
458,11,18,10.646248302697433,170.2477106478504,550
459,11,19,3.5059685443661026,175.74893625067543,550
460,11,20,-3.663963199586368,-178.8352665101724,550
461,11,21,-10.79895937970787,-173.33327592616033,550
462,11,22,-17.830596441553684,-167.56579588910986,550
463,11,23,-24.67821113168643,-161.33025664861677,550
464,11,24,-31.238314131349366,-154.38512905525104,550
465,11,25,-37.3706423832944,-146.4386137672914,550
466,11,26,-42.88054574145994,-137.15547143989528,550
467,11,27,-47.502910413211914,-126.21512031417899,550
468,11,28,-50.90417386514902,-113.47295162503498,550
469,11,29,-52.736180864708174,-99.22366071439264,550
470,11,30,-52.759734772060966,-84.35707779713205,550
471,11,31,-50.96983930382952,-70.07033695927053,550
472,11,32,-47.59842719365996,-57.27030632257276,550
473,11,33,-42.991539730567226,-46.269767569890305,550
474,11,34,-37.484125976354164,-36.93362638962948,550
475,11,35,-31.34384396912065,-28.943558400427257,550
476,11,36,-24.767823213596998,-21.96316141773488,550
477,11,37,-17.89852096530217,-15.69856996760713,550
478,11,38,-10.84126301010599,-9.906222065562293,550
479,11,39,-3.678351419959823,-4.381713201630335,550
480,12,0,-0.07938015837909068,7.337105319643587,550
481,12,1,7.1123809968927665,12.79596752791526,550
482,12,2,14.239714131652336,18.429569880817954,550
483,12,3,21.2274373460032,24.428825557163634,550
484,12,4,27.982837652151606,31.01648324748569,550
485,12,5,34.383339621478854,38.461727537163505,550
486,12,6,40.26034515696506,47.08511457187141,550
487,12,7,45.38097895885864,57.230568281981625,550
488,12,8,49.43809425037329,69.15821983712868,550
489,12,9,52.0752781002394,82.81654229021402,550
490,12,10,52.98067090114337,97.58762550249948,550
491,12,11,52.02915041767972,112.33840939257166,550
492,12,12,49.355196244416845,125.94606550239385,550
493,12,13,45.27538081919566,137.8124946569155,550
494,12,14,40.146110243096594,147.90045183459256,550
495,12,15,34.272294405952785,156.47544014884173,550
496,12,16,27.88416190921243,163.88144158664323,550
497,12,17,21.147956142179055,170.43719375580488,550
498,12,18,14.184215429551399,176.40972973211748,550
499,12,19,7.083916610413562,-177.98014048646513,550
500,12,20,-0.07933461489114844,-172.54321428448662,550
501,12,21,-7.239924534359,-167.10589193153623,550
502,12,22,-14.332342595855112,-161.49464564156062,550
503,12,23,-21.28319388774531,-155.52053872173894,550
504,12,24,-28.001917785598035,-148.96337953360828,550
505,12,25,-34.36861714872289,-141.55729613353674,550
506,12,26,-40.21818922940774,-132.9857365742509,550
507,12,27,-45.32219835086151,-122.90837985016569,550
508,12,28,-49.378743321580465,-111.06440152744587,550
509,12,29,-52.03562543701289,-97.49436609957213,550
510,12,30,-52.98067431623795,-82.7929713073883,550
511,12,31,-52.08143210068158,-68.07148892885547,550
512,12,32,-49.46111198787623,-54.45120379925794,550
513,12,33,-45.42721592444504,-42.5464163023575,550
514,12,34,-40.3319016338047,-32.41182600812218,550
515,12,35,-34.479273043466264,-23.79201628499208,550
516,12,36,-28.10033398134875,-16.346751504746756,550
517,12,37,-21.362564100995442,-9.757699602060365,550
518,12,38,-14.38784129795605,-3.7568776779606368,550
519,12,39,-7.268460210937667,1.8778473872868775,550
520,13,0,3.5202679722803474,19.05582821826913,550
521,13,1,10.688510951960533,24.579554171767473,550
522,13,2,17.756283983383945,30.370507861447983,550
523,13,3,24.64096611014235,36.6335112925937,550
524,13,4,31.23669196142149,43.61299815257918,550
525,13,5,37.40012489484677,51.60448340603418,550
526,13,6,42.93269765086757,60.94730792639786,550
527,13,7,47.56430356856657,71.96409569911577,550
528,13,8,50.95634285002957,84.7944762813905,550
529,13,9,52.75820480968688,99.126091462099,550
530,13,10,52.73448356269943,114.04389396794551,550
531,13,11,50.89023344905302,128.33769722140883,550
532,13,12,47.46821646732283,141.10976847873914,550
533,13,13,42.82113675605917,152.0660339452216,550
534,13,14,37.28617684892344,161.35567861270755,550
535,13,15,31.130844519853802,169.30350529698782,550
536,13,16,24.5511679055769,176.24769032424808,550
537,13,17,17.688308233216688,-177.51836505705893,550
538,13,18,10.646248302697433,-171.75227837859913,550
539,13,19,3.5059685443661026,-166.2510527757741,550
540,13,20,-3.663963199586368,-160.8352591790876,550
541,13,21,-10.79895937970787,-155.33326859507554,550
542,13,22,-17.830596441553684,-149.56578855802505,550
543,13,23,-24.67821113168643,-143.33024931753195,550
544,13,24,-31.238314131349366,-136.38512172416623,550
545,13,25,-37.3706423832944,-128.43860643620658,550
546,13,26,-42.88054574145994,-119.15546410881049,550
547,13,27,-47.502910413211914,-108.21510615290501,550
548,13,28,-50.90417386514902,-95.47294429395018,550
549,13,29,-52.736180864708174,-81.22365338330783,550
550,13,30,-52.759734772060966,-66.35707046604725,550
551,13,31,-50.96983930382952,-52.07032621309114,550
552,13,32,-47.59842719365996,-39.270298991487955,550
553,13,33,-42.991539730567226,-28.2697602388055,550
554,13,34,-37.484125976354164,-18.933619058544675,550
555,13,35,-31.34384396912065,-10.943551923116102,550
556,13,36,-24.767823213596998,-3.9631540866500763,550
557,13,37,-17.89852096530217,2.301436723147439,550
558,13,38,-10.84126301010599,8.093785265522511,550
559,13,39,-3.678351419959823,13.618294129454469,550
560,14,0,-0.07938015837909068,25.33709899035005,550
561,14,1,7.1123809968927665,30.795960344848076,550
562,14,2,14.239714131652336,36.429561843977126,550
563,14,3,21.2274373460032,42.42882093541739,550
564,14,4,27.982837652151606,49.016476918192154,550
565,14,5,34.383339621478854,56.46172120786997,550
566,14,6,40.26034515696506,65.08511165767246,550
567,14,7,45.38097895885864,75.23055853759351,550
568,14,8,49.43809425037329,87.15821350783516,550
569,14,9,52.0752781002394,100.81653596092048,550
570,14,10,52.98067090114337,115.58761917320595,550
571,14,11,52.02915041767972,130.33840989346731,550
572,14,12,49.355196244416845,143.9460591731003,550
573,14,13,45.27538081919566,155.81248832762196,550
574,14,14,40.146110243096594,165.90044550529902,550
575,14,15,34.272294405952785,174.4754338195482,550
576,14,16,27.88416190921243,-178.11856110018462,550
577,14,17,21.147956142179055,-171.56280893102297,550
578,14,18,14.184215429551399,-165.5902729547104,550
579,14,19,7.083916610413562,-159.98014681575867,550
580,14,20,-0.07933461489114844,-154.54322061378014,550
581,14,21,-7.239924534359,-149.10589826082975,550
582,14,22,-14.332342595855112,-143.49465197085416,550
583,14,23,-21.28319388774531,-137.52054505103246,550
584,14,24,-28.001917785598035,-130.96338586290182,550
585,14,25,-34.36861714872289,-123.55730246283026,550
586,14,26,-40.21818922940774,-114.98574290354442,550
587,14,27,-45.32219835086151,-104.90838617945923,550
588,14,28,-49.378743321580465,-93.06440785673941,550
589,14,29,-52.03562543701289,-79.49437242886566,550
590,14,30,-52.98067431623795,-64.79297763668184,550
591,14,31,-52.08143210068158,-50.071491843054424,550
592,14,32,-49.46111198787623,-36.45121012855148,550
593,14,33,-45.42721592444504,-24.546422631651033,550
594,14,34,-40.3319016338047,-14.411834044963012,550
595,14,35,-34.479273043466264,-5.792023041172438,550
596,14,36,-28.10033398134875,1.6532417390728857,550
597,14,37,-21.362564100995442,8.242294068646098,550
598,14,38,-14.38784129795605,14.24311641963265,550
599,14,39,-7.268460210937667,19.877841484880165,550
600,15,0,3.5202679722803474,37.05582188897559,550
601,15,1,10.688510951960533,42.579546134926645,550
602,15,2,17.756283983383945,48.37050153215444,550
603,15,3,24.64096611014235,54.63350496330017,550
604,15,4,31.23669196142149,61.61299182328564,550
605,15,5,37.40012489484677,69.60447707674064,550
606,15,6,42.93269765086757,78.94730159710433,550
607,15,7,47.56430356856657,89.96408936982223,550
608,15,8,50.95634285002957,102.79446995209696,550
609,15,9,52.75820480968688,117.12609196299464,550
610,15,10,52.73448356269943,132.04389446884116,550
611,15,11,50.89023344905302,146.3376908921153,550
612,15,12,47.46821646732283,159.1097621494456,550
613,15,13,42.82113675605917,170.06602761592805,550
614,15,14,37.28617684892344,179.355672283414,550
615,15,15,31.130844519853802,-172.69649738984003,550
616,15,16,24.5511679055769,-165.75231236257977,550
617,15,17,17.688308233216688,-159.51837138635247,550
618,15,18,10.646248302697433,-153.75228470789267,550
619,15,19,3.5059685443661026,-148.25105910506764,550
620,15,20,-3.663963199586368,-142.83526550838113,550
621,15,21,-10.79895937970787,-137.33327492436905,550
622,15,22,-17.830596441553684,-131.5657948873186,550
623,15,23,-24.67821113168643,-125.33025564682549,550
624,15,24,-31.238314131349366,-118.38512805345977,550
625,15,25,-37.3706423832944,-110.43861276550014,550
626,15,26,-42.88054574145994,-101.15546360791485,550
627,15,27,-47.502910413211914,-90.21511248219855,550
628,15,28,-50.90417386514902,-77.4729506232437,550
629,15,29,-52.736180864708174,-63.22365971260137,550
630,15,30,-52.759734772060966,-48.35708021043537,550
631,15,31,-50.96983930382952,-34.070332542384676,550
632,15,32,-47.59842719365996,-21.270305320781492,550
633,15,33,-42.991539730567226,-10.269767421872684,550
634,15,34,-37.484125976354164,-0.9336252811165071,550
635,15,35,-31.34384396912065,7.056441320703539,550
636,15,36,-24.767823213596998,14.036839584056388,550
637,15,37,-17.89852096530217,20.301431034184137,550
638,15,38,-10.84126301010599,26.09377808245533,550
639,15,39,-3.678351419959823,31.61828780016093,550
640,16,0,-0.07938015837909068,43.33710632143485,550
641,16,1,7.1123809968927665,48.79596767593288,550
642,16,2,14.239714131652336,54.42956917506193,550
643,16,3,21.2274373460032,60.428828266502194,550
644,16,4,27.982837652151606,67.01648424927696,550
645,16,5,34.383339621478854,74.46172512386019,550
646,16,6,40.26034515696506,83.08511898875726,550
647,16,7,45.38097895885864,93.23056586867831,550
648,16,8,49.43809425037329,105.15822083891996,550
649,16,9,52.0752781002394,118.81653646181611,550
650,16,10,52.98067090114337,133.58762650429074,550
651,16,11,52.02915041767972,148.3384172245521,550
652,16,12,49.355196244416845,161.9460665041851,550
653,16,13,45.27538081919566,173.81249565870675,550
654,16,14,40.146110243096594,-176.0995435211505,550
655,16,15,34.272294405952785,-167.5245552069013,550
656,16,16,27.88416190921243,-160.1185537690998,550
657,16,17,21.147956142179055,-153.56280159993818,550
658,16,18,14.184215429551399,-147.59026562362558,550
659,16,19,7.083916610413562,-141.98013948467388,550
660,16,20,-0.07933461489114844,-136.54321328269535,550
661,16,21,-7.239924534359,-131.10589092974496,550
662,16,22,-14.332342595855112,-125.49464463976936,550
663,16,23,-21.28319388774531,-119.52053771994767,550
664,16,24,-28.001917785598035,-112.96337170162784,550
665,16,25,-34.36861714872289,-105.55729513174546,550
666,16,26,-40.21818922940774,-96.98574240264878,550
667,16,27,-45.32219835086151,-86.90837884837443,550
668,16,28,-49.378743321580465,-75.0644005256546,550
669,16,29,-52.03562543701289,-61.494365097780864,550
670,16,30,-52.98067431623795,-46.79297030559704,550
671,16,31,-52.08143210068158,-32.071484511969615,550
672,16,32,-49.46111198787623,-18.45120450501397,550
673,16,33,-45.42721592444504,-6.546415300566231,550
674,16,34,-40.3319016338047,3.5881741398954374,550
675,16,35,-34.479273043466264,12.207983863025541,550
676,16,36,-28.10033398134875,19.653249497044513,550
677,16,37,-21.362564100995442,26.242302253504548,550
678,16,38,-14.38784129795605,32.24312375071745,550
679,16,39,-7.268460210937667,37.87784881596497,550
680,17,0,3.5202679722803474,55.05581555968205,550
681,17,1,10.688510951960533,60.57954322072769,550
682,17,2,17.756283983383945,66.37049178776633,550
683,17,3,24.64096611014235,72.63349521891205,550
684,17,4,31.23669196142149,79.6129854939921,550
685,17,5,37.40012489484677,87.60447074744711,550
686,17,6,42.93269765086757,96.94729526781079,550
687,17,7,47.56430356856657,107.9640830405287,550
688,17,8,50.95634285002957,120.79446362280342,550
689,17,9,52.75820480968688,135.1260856337011,550
690,17,10,52.73448356269943,150.04388813954762,550
691,17,11,50.89023344905302,164.33768456282175,550
692,17,12,47.46821646732283,177.1097558201521,550
693,17,13,42.82113675605917,-171.93398873127816,550
694,17,14,37.28617684892344,-162.6443440637922,550
695,17,15,31.130844519853802,-154.69650371913357,550
696,17,16,24.5511679055769,-147.7523186918733,550
697,17,17,17.688308233216688,-141.51837771564598,550
698,17,18,10.646248302697433,-135.7522910371862,550
699,17,19,3.5059685443661026,-130.25106543436118,550
700,17,20,-3.663963199586368,-124.83527183767467,550
701,17,21,-10.79895937970787,-119.33328125366259,550
702,17,22,-17.830596441553684,-113.56580121661213,550
703,17,23,-24.67821113168643,-107.33025514592985,550
704,17,24,-31.238314131349366,-100.38513438275331,550
705,17,25,-37.3706423832944,-92.43861909479367,550
706,17,26,-42.88054574145994,-83.1554699372084,550
707,17,27,-47.502910413211914,-72.21511881149209,550
708,17,28,-50.90417386514902,-59.472956952537245,550
709,17,29,-52.736180864708174,-45.22366604189491,550
710,17,30,-52.759734772060966,-30.357086539728908,550
711,17,31,-50.96983930382952,-16.07034057922551,550
712,17,32,-47.59842719365996,-3.2703120769618534,550
713,17,33,-42.991539730567226,7.73022624883378,550
714,17,34,-37.484125976354164,17.06636828286825,550
715,17,35,-31.34384396912065,25.05643456452318,550
716,17,36,-24.767823213596998,32.036831547215556,550
717,17,37,-17.89852096530217,38.30142299734331,550
718,17,38,-10.84126301010599,44.09377175316179,550
719,17,39,-3.678351419959823,49.618281470867394,550
720,18,0,-0.07938015837909068,61.33709999214132,550
721,18,1,7.1123809968927665,66.79596476173393,550
722,18,2,14.239714131652336,72.42956626086297,550
723,18,3,21.2274373460032,78.42882193720865,550
724,18,4,27.982837652151606,85.01647791998343,550
725,18,5,34.383339621478854,92.46171879456665,550
726,18,6,40.26034515696506,101.08511265946372,550
727,18,7,45.38097895885864,111.23055953938477,550
728,18,8,49.43809425037329,123.15821450962642,550
729,18,9,52.0752781002394,136.8165301325226,550
730,18,10,52.98067090114337,151.5876201749972,550
731,18,11,52.02915041767972,166.33841089525856,550
732,18,12,49.355196244416845,179.94606017489158,550
733,18,13,45.27538081919566,-168.1875070281211,550
734,18,14,40.146110243096594,-158.09954985044405,550
735,18,15,34.272294405952785,-149.52456153619485,550
736,18,16,27.88416190921243,-142.11856009839335,550
737,18,17,21.147956142179055,-135.56280792923172,550
738,18,18,14.184215429551399,-129.59027195291912,550
739,18,19,7.083916610413562,-123.98014581396741,550
740,18,20,-0.07933461489114844,-118.54321961198889,550
741,18,21,-7.239924534359,-113.10589042884932,550
742,18,22,-14.332342595855112,-107.4946509690629,550
743,18,23,-21.28319388774531,-101.52054404924121,550
744,18,24,-28.001917785598035,-94.96337803092138,550
745,18,25,-34.36861714872289,-87.557301461039,550
746,18,26,-40.21818922940774,-78.98574873194232,550
747,18,27,-45.32219835086151,-68.90838517766797,550
748,18,28,-49.378743321580465,-57.06440685494814,550
749,18,29,-52.03562543701289,-43.4943714270744,550
750,18,30,-52.98067431623795,-28.79297663489057,550
751,18,31,-52.08143210068158,-14.071492548810447,550
752,18,32,-49.46111198787623,-0.4512100338947115,550
753,18,33,-45.42721592444504,11.453578370140232,550
754,18,34,-40.3319016338047,21.588166956828253,550
755,18,35,-34.479273043466264,30.20797667995836,550
756,18,36,-28.10033398134875,37.65324146020368,550
757,18,37,-21.362564100995442,44.242294216663716,550
758,18,38,-14.38784129795605,50.24311742142392,550
759,18,39,-7.268460210937667,55.87784248667143,550
760,19,0,3.5202679722803474,73.05581947567228,550
761,19,1,10.688510951960533,78.5795505518125,550
762,19,2,17.756283983383945,84.37049911885113,550
763,19,3,24.64096611014235,90.63350254999685,550
764,19,4,31.23669196142149,97.61299282507692,550
765,19,5,37.40012489484677,105.60447807853191,550
766,19,6,42.93269765086757,114.94730259889559,550
767,19,7,47.56430356856657,125.96409720180267,550
768,19,8,50.95634285002957,138.79447095388824,550
769,19,9,52.75820480968688,153.1260929647859,550
770,19,10,52.73448356269943,168.0438954706324,550
771,19,11,50.89023344905302,-177.66230446362778,550
772,19,12,47.46821646732283,-164.89023320629744,550
773,19,13,42.82113675605917,-153.93398140019335,550
774,19,14,37.28617684892344,-144.6443367327074,550
775,19,15,31.130844519853802,-136.69649638804879,550
776,19,16,24.5511679055769,-129.7523113607885,550
777,19,17,17.688308233216688,-123.5183703845612,550
778,19,18,10.646248302697433,-117.75228370610141,550
779,19,19,3.5059685443661026,-112.25106493346554,550
780,19,20,-3.663963199586368,-106.83527133677903,550
781,19,21,-10.79895937970787,-101.33326709238862,550
782,19,22,-17.830596441553684,-95.56579388552733,550
783,19,23,-24.67821113168643,-89.33024781484505,550
784,19,24,-31.238314131349366,-82.3851270516685,550
785,19,25,-37.3706423832944,-74.43861176370886,550
786,19,26,-42.88054574145994,-65.15546260612359,550
787,19,27,-47.502910413211914,-54.21511148040728,550
788,19,28,-50.90417386514902,-41.47294620635786,550
789,19,29,-52.736180864708174,-27.22365700326281,550
790,19,30,-52.759734772060966,-12.357078354870458,550
791,19,31,-50.96983930382952,1.9296669653027065,550
792,19,32,-47.59842719365996,14.729695681009773,550
793,19,33,-42.991539730567226,25.730234433692228,550
794,19,34,-37.484125976354164,35.066375613953056,550
795,19,35,-31.34384396912065,43.05644360315527,550
796,19,36,-24.767823213596998,50.03683887830036,550
797,19,37,-17.89852096530217,56.30143032842811,550
798,19,38,-10.84126301010599,62.09378249934118,550
799,19,39,-3.678351419959823,67.61829221704679,550
800,20,0,-0.07938015837909068,79.33710732322612,550
801,20,1,7.1123809968927665,84.79597209281873,550
802,20,2,14.239714131652336,90.42957359194777,550
803,20,3,21.2274373460032,96.42882926829346,550
804,20,4,27.982837652151606,103.01648525106823,550
805,20,5,34.383339621478854,110.46172612565145,550
806,20,6,40.26034515696506,119.08511316035936,550
807,20,7,45.38097895885864,129.23056687046957,550
808,20,8,49.43809425037329,141.15822184071124,550
809,20,9,52.0752781002394,154.81653746360738,550
810,20,10,52.98067090114337,169.58762750608201,550
811,20,11,52.02915041767972,-175.6615917915693,550
812,20,12,49.355196244416845,-162.0539425119363,550
813,20,13,45.27538081919566,-150.1874996970363,550
814,20,14,40.146110243096594,-140.09954251935923,550
815,20,15,34.272294405952785,-131.52455420511006,550
816,20,16,27.88416190921243,-124.11855276730856,550
817,20,17,21.147956142179055,-117.56280059814691,550
818,20,18,14.184215429551399,-111.59027145202349,550
819,20,19,7.083916610413562,-105.98014531307177,550
820,20,20,-0.07933461489114844,-100.54321228090409,550
821,20,21,-7.239924534359,-95.10588309776452,550
822,20,22,-14.332342595855112,-89.4946436379781,550
823,20,23,-21.28319388774531,-83.52053671815641,550
824,20,24,-28.001917785598035,-76.96337069983657,550
825,20,25,-34.36861714872289,-69.55729412995419,550
826,20,26,-40.21818922940774,-60.98574140085752,550
827,20,27,-45.32219835086151,-50.90837784658316,550
828,20,28,-49.378743321580465,-39.06439952386334,550
829,20,29,-52.03562543701289,-25.494364095989596,550
830,20,30,-52.98067431623795,-10.792968450032122,550
831,20,31,-52.08143210068158,3.9285152091611795,550
832,20,32,-49.46111198787623,17.5487964967773,550
833,20,33,-45.42721592444504,29.453585701225034,550
834,20,34,-40.3319016338047,39.588175995460354,550
835,20,35,-34.479273043466264,48.20798401104316,550
836,20,36,-28.10033398134875,55.65324879128848,550
837,20,37,-21.362564100995442,62.24230496284311,550
838,20,38,-14.38784129795605,68.24312475250872,550
839,20,39,-7.268460210937667,73.87784640266165,550
840,21,0,3.5202679722803474,91.05581314637874,550
841,21,1,10.688510951960533,96.57954422251896,550
842,21,2,17.756283983383945,102.37049278955759,550
843,21,3,24.64096611014235,108.63349622070331,550
844,21,4,31.23669196142149,115.61298649578337,550
845,21,5,37.40012489484677,123.60447174923837,550
846,21,6,42.93269765086757,132.94729626960205,550
847,21,7,47.56430356856657,143.96409087250913,550
848,21,8,50.95634285002957,156.7944646245947,550
849,21,9,52.75820480968688,171.12608663549236,550
850,21,10,52.73448356269943,-173.95612087657378,550
851,21,11,50.89023344905302,-159.66231079292132,550
852,21,12,47.46821646732283,-146.89023953559098,550
853,21,13,42.82113675605917,-135.9339877294869,550
854,21,14,37.28617684892344,-126.64434306200093,550
855,21,15,31.130844519853802,-118.69650271734231,550
856,21,16,24.5511679055769,-111.75231769008205,550
857,21,17,17.688308233216688,-105.51837671385472,550
858,21,18,10.646248302697433,-99.75229003539495,550
859,21,19,3.5059685443661026,-94.25107126275908,550
860,21,20,-3.663963199586368,-88.83527766607257,550
861,21,21,-10.79895937970787,-83.33327342168216,550
862,21,22,-17.830596441553684,-77.56580021482087,550
863,21,23,-24.67821113168643,-71.33025414413859,550
864,21,24,-31.238314131349366,-64.38513338096203,550
865,21,25,-37.3706423832944,-56.438618093002404,550
866,21,26,-42.88054574145994,-47.155468935417126,550
867,21,27,-47.502910413211914,-36.21511780970082,550
868,21,28,-50.90417386514902,-23.47295424319869,550
869,21,29,-52.736180864708174,-9.223664186329993,550
870,21,30,-52.759734772060966,5.642915315836006,550
871,21,31,-50.96983930382952,19.929660422565757,550
872,21,32,-47.59842719365996,32.72968935171624,550
873,21,33,-42.991539730567226,43.73022810439869,550
874,21,34,-37.484125976354164,53.066369284659515,550
875,21,35,-31.34384396912065,61.05643385876715,550
876,21,36,-24.767823213596998,68.03683254900683,550
877,21,37,-17.89852096530217,74.30142741422917,550
878,21,38,-10.84126301010599,80.09377617004765,550
879,21,39,-3.678351419959823,85.61828588775325,550
880,22,0,-0.07938015837909068,97.33710099393258,550
881,22,1,7.1123809968927665,102.79596576352519,550
882,22,2,14.239714131652336,108.42956726265425,550
883,22,3,21.2274373460032,114.42882293899993,550
884,22,4,27.982837652151606,121.01647209158553,550
885,22,5,34.383339621478854,128.46171979635793,550
886,22,6,40.26034515696506,137.08510683106581,550
887,22,7,45.38097895885864,147.23056054117603,550
888,22,8,49.43809425037329,159.1582155114177,550
889,22,9,52.0752781002394,172.81653113431383,550
890,22,10,52.98067090114337,-172.41237518074584,550
891,22,11,52.02915041767972,-157.66159812086283,550
892,22,12,49.355196244416845,-144.05394884122984,550
893,22,13,45.27538081919566,-132.18750602632983,550
894,22,14,40.146110243096594,-122.09954884865279,550
895,22,15,34.272294405952785,-113.52456736459277,550
896,22,16,27.88416190921243,-106.11855909660208,550
897,22,17,21.147956142179055,-99.56281375762961,550
898,22,18,14.184215429551399,-93.59027778131703,550
899,22,19,7.083916610413562,-87.98015164236531,550
900,22,20,-0.07933461489114844,-82.54321861019761,550
901,22,21,-7.239924534359,-77.10588942705806,550
902,22,22,-14.332342595855112,-71.49464996727163,550
903,22,23,-21.28319388774531,-65.52054304744993,550
904,22,24,-28.001917785598035,-58.96337702913011,550
905,22,25,-34.36861714872289,-51.55730387434232,550
906,22,26,-40.21818922940774,-42.98574773015106,550
907,22,27,-45.32219835086151,-32.9083841758767,550
908,22,28,-49.378743321580465,-21.064407560704165,550
909,22,29,-52.03562543701289,-7.494369571509485,550
910,22,30,-52.98067431623795,7.207025220674341,550
911,22,31,-52.08143210068158,21.928508452980818,550
912,22,32,-49.46111198787623,35.54879187503106,550
913,22,33,-45.42721592444504,47.4535793719315,550
914,22,34,-40.3319016338047,57.58816625107223,550
915,22,35,-34.479273043466264,66.20798109684421,550
916,22,36,-28.10033398134875,73.65324246199495,550
917,22,37,-21.362564100995442,80.24229863354957,550
918,22,38,-14.38784129795605,86.24311842321518,550
919,22,39,-7.268460210937667,91.87784007336812,550
920,23,0,3.5202679722803474,109.05582047746354,550
921,23,1,10.688510951960533,114.57955155360376,550
922,23,2,17.756283983383945,120.37050012064239,550
923,23,3,24.64096611014235,126.63351038197729,550
924,23,4,31.23669196142149,133.61299382686818,550
925,23,5,37.40012489484677,141.6044790803232,550
926,23,6,42.93269765086757,150.94730360068687,550
927,23,7,47.56430356856657,161.96409820359395,550
928,23,8,50.95634285002957,174.79447195567948,550
929,23,9,52.75820480968688,-170.8739160513355,550
930,23,10,52.73448356269943,-155.956113545489,550
931,23,11,50.89023344905302,-141.6623034618365,550
932,23,12,47.46821646732283,-128.8902322045062,550
933,23,13,42.82113675605917,-117.93398039840208,550
934,23,14,37.28617684892344,-108.64432890072695,550
935,23,15,31.130844519853802,-100.69649538625751,550
936,23,16,24.5511679055769,-93.75231035899724,550
937,23,17,17.688308233216688,-87.51836938276992,550
938,23,18,10.646248302697433,-81.75228270431013,550
939,23,19,3.5059685443661026,-76.25106393167428,550
940,23,20,-3.663963199586368,-70.83527033498777,550
941,23,21,-10.79895937970787,-65.33326609059736,550
942,23,22,-17.830596441553684,-59.56579288373606,550
943,23,23,-24.67821113168643,-53.33024681305379,550
944,23,24,-31.238314131349366,-46.38512946497182,550
945,23,25,-37.3706423832944,-38.4386107619176,550
946,23,26,-42.88054574145994,-29.15546160433232,550
947,23,27,-47.502910413211914,-18.215110478616015,550
948,23,28,-50.90417386514902,-5.4729464852270615,550
949,23,29,-52.736180864708174,8.77634314475481,550
950,23,30,-52.759734772060966,23.642921793147163,550
951,23,31,-50.96983930382952,37.929669461197854,550
952,23,32,-47.59842719365996,50.72969668280104,550
953,23,33,-42.991539730567226,61.73023202038891,550
954,23,34,-37.484125976354164,71.06637661574432,550
955,23,35,-31.34384396912065,79.05644118985195,550
956,23,36,-24.767823213596998,86.03683988009163,550
957,23,37,-17.89852096530217,92.30143474531397,550
958,23,38,-10.84126301010599,98.09378350113245,550
959,23,39,-3.678351419959823,103.61829321883805,550
960,24,0,-0.07938015837909068,115.33711515520656,550
961,24,1,7.1123809968927665,120.79596626442083,550
962,24,2,14.239714131652336,126.42957459373905,550
963,24,3,21.2274373460032,132.42883027008472,550
964,24,4,27.982837652151606,139.01647942267033,550
965,24,5,34.383339621478854,146.4617271274427,550
966,24,6,40.26034515696506,155.08511416215063,550
967,24,7,45.38097895885864,165.23056787226085,550
968,24,8,49.43809425037329,177.15822284250248,550
969,24,9,52.0752781002394,-169.1834578921357,550
970,24,10,52.98067090114337,-154.41236784966105,550
971,24,11,52.02915041767972,-139.66159078977802,550
972,24,12,49.355196244416845,-126.05394151014502,550
973,24,13,45.27538081919566,-114.18749869524503,550
974,24,14,40.146110243096594,-104.09954834775715,550
975,24,15,34.272294405952785,-95.52456003350797,550
976,24,16,27.88416190921243,-88.11855176551728,550
977,24,17,21.147956142179055,-81.56280642654481,550
978,24,18,14.184215429551399,-75.59027045023223,550
979,24,19,7.083916610413562,-69.98014431128051,550
980,24,20,-0.07933461489114844,-64.54321127911281,550
981,24,21,-7.239924534359,-59.10588209597325,550
982,24,22,-14.332342595855112,-53.49463922109224,550
983,24,23,-21.28319388774531,-47.52053571636513,550
984,24,24,-28.001917785598035,-40.963369698045305,550
985,24,25,-34.36861714872289,-33.557296543257515,550
986,24,26,-40.21818922940774,-24.985740399066255,550
987,24,27,-45.32219835086151,-14.908376844791892,550
988,24,28,-49.378743321580465,-3.0643995892891285,550
989,24,29,-52.03562543701289,10.505637759575318,550
990,24,30,-52.98067431623795,25.2070316979855,550
991,24,31,-52.08143210068158,39.928517491612915,550
992,24,32,-49.46111198787623,53.54879920611586,550
993,24,33,-45.42721592444504,65.4535867030163,550
994,24,34,-40.3319016338047,75.58817358215703,550
995,24,35,-34.479273043466264,84.20798842792901,550
996,24,36,-28.10033398134875,91.65324979307975,550
997,24,37,-21.362564100995442,98.24230596463437,550
998,24,38,-14.38784129795605,104.24312575429998,550
999,24,39,-7.268460210937667,109.87784740445292,550
1000,25,0,3.5202679722803474,127.05582097835918,550
1001,25,1,10.688510951960533,132.57954522431024,550
1002,25,2,17.756283983383945,138.37049379134885,550
1003,25,3,24.64096611014235,144.63350405268375,550
1004,25,4,31.23669196142149,151.61298749757464,550
1005,25,5,37.40012489484677,159.60447275102965,550
1006,25,6,42.93269765086757,168.94729727139332,550
1007,25,7,47.56430356856657,179.9640918743004,550
1008,25,8,50.95634285002957,-167.20553073114837,550
1009,25,9,52.75820480968688,-152.87392238062904,550
1010,25,10,52.73448356269943,-137.95611987478253,550
1011,25,11,50.89023344905302,-123.66230979113004,550
1012,25,12,47.46821646732283,-110.89023853379972,550
1013,25,13,42.82113675605917,-99.93397989750645,550
1014,25,14,37.28617684892344,-90.64433523002049,550
1015,25,15,31.130844519853802,-82.69650171555104,550
1016,25,16,24.5511679055769,-75.75231668829078,550
1017,25,17,17.688308233216688,-69.51837571206346,550
1018,25,18,10.646248302697433,-63.752289033603674,550
1019,25,19,3.5059685443661026,-58.251070260967815,550
1020,25,20,-3.663963199586368,-52.8352766642813,550
1021,25,21,-10.79895937970787,-47.333272419890896,550
1022,25,22,-17.830596441553684,-41.5657992130296,550
1023,25,23,-24.67821113168643,-35.330253142347324,550
1024,25,24,-31.238314131349366,-28.385134086718065,550
1025,25,25,-37.3706423832944,-20.438617091211135,550
1026,25,26,-42.88054574145994,-11.155467933625856,550
1027,25,27,-47.502910413211914,-0.2151171680953086,550
1028,25,28,-50.90417386514902,12.52704675859258,550
1029,25,29,-52.736180864708174,26.77633766923492,550
1030,25,30,-52.759734772060966,41.642915463853626,550
1031,25,31,-50.96983930382952,55.92966313190432,550
1032,25,32,-47.59842719365996,68.72968693841293,550
1033,25,33,-42.991539730567226,79.73022569109537,550
1034,25,34,-37.484125976354164,89.06637028645078,550
1035,25,35,-31.34384396912065,97.05643486055843,550
1036,25,36,-24.767823213596998,104.0368335507981,550
1037,25,37,-17.89852096530217,110.30142841602043,550
1038,25,38,-10.84126301010599,116.09377717183891,550
1039,25,39,-3.678351419959823,121.61828005935534,550
1040,26,0,-0.07938015837909068,133.33712248629135,550
1041,26,1,7.1123809968927665,138.79597359550564,550
1042,26,2,14.239714131652336,144.42958192482385,550
1043,26,3,21.2274373460032,150.42883760116953,550
1044,26,4,27.982837652151606,157.01648675375512,550
1045,26,5,34.383339621478854,164.46173445852753,550
1046,26,6,40.26034515696506,173.08512149323542,550
1047,26,7,45.38097895885864,-176.76942115418868,550
1048,26,8,49.43809425037329,-164.84176618394704,550
1049,26,9,52.0752781002394,-151.18345056105088,550
1050,26,10,52.98067090114337,-136.41236051857624,550
1051,26,11,52.02915041767972,-121.66158345869323,550
1052,26,12,49.355196244416845,-108.05392734887106,550
1053,26,13,45.27538081919566,-96.18749136416022,550
1054,26,14,40.146110243096594,-86.09954101667235,550
1055,26,15,34.272294405952785,-77.52455270242315,550
1056,26,16,27.88416190921243,-70.11854443443248,550
1057,26,17,21.147956142179055,-63.562799095460015,550
1058,26,18,14.184215429551399,-57.59026311914742,550
1059,26,19,7.083916610413562,-51.98013356510113,550
1060,26,20,-0.07933461489114844,-46.543200532933426,550
1061,26,21,-7.239924534359,-41.10587817998304,550
1062,26,22,-14.332342595855112,-35.49463189000744,550
1063,26,23,-21.28319388774531,-29.52052838528033,550
1064,26,24,-28.001917785598035,-22.96336407450779,550
1065,26,25,-34.36861714872289,-15.557289212172709,550
1066,26,26,-40.21818922940774,-6.985732214207805,550
1067,26,27,-45.32219835086151,3.0916300594060884,550
1068,26,28,-49.378743321580465,14.93560710146544,550
1069,26,29,-52.03562543701289,28.505644236886475,550
1070,26,30,-52.98067431623795,43.2070390290703,550
1071,26,31,-52.08143210068158,57.928521407603135,550
1072,26,32,-49.46111198787623,71.54880653720066,550
1073,26,33,-45.42721592444504,83.4535940341011,550
1074,26,34,-40.3319016338047,93.58818091324184,550
1075,26,35,-34.479273043466264,102.20799575901381,550
1076,26,36,-28.10033398134875,109.65325712416455,550
1077,26,37,-21.362564100995442,116.24230646553,550
1078,26,38,-14.38784129795605,122.24313308538478,550
1079,26,39,-7.268460210937667,127.87786156572689,550
1080,27,0,3.5202679722803474,145.05581464906564,550
1081,27,1,10.688510951960533,150.5795388950167,550
1082,27,2,17.756283983383945,156.3704874620553,550
1083,27,3,24.64096611014235,162.6334977233902,550
1084,27,4,31.23669196142149,169.6129811682811,550
1085,27,5,37.40012489484677,177.6044664217361,550
1086,27,6,42.93269765086757,-173.05270541543453,550
1087,27,7,47.56430356856657,-162.0359244729058,550
1088,27,8,50.95634285002957,-149.2055370604419,550
1089,27,9,52.75820480968688,-134.87392870992258,550
1090,27,10,52.73448356269943,-119.95612620407606,550
1091,27,11,50.89023344905302,-105.66231612042358,550
1092,27,12,47.46821646732283,-92.89024486309326,550
1093,27,13,42.82113675605917,-81.93398622679999,550
1094,27,14,37.28617684892344,-72.64434155931403,550
1095,27,15,31.130844519853802,-64.69650804484458,550
1096,27,16,24.5511679055769,-57.75232301758432,550
1097,27,17,17.688308233216688,-51.51837862626241,550
1098,27,18,10.646248302697433,-45.752295362897215,550
1099,27,19,3.5059685443661026,-40.251073175166766,550
1100,27,20,-3.663963199586368,-34.83528299357484,550
1101,27,21,-10.79895937970787,-29.33327874918443,550
1102,27,22,-17.830596441553684,-23.565807249870428,550
1103,27,23,-24.67821113168643,-17.330261179188156,550
1104,27,24,-31.238314131349366,-10.3851404160116,550
1105,27,25,-37.3706423832944,-2.4386242742783186,550
1106,27,26,-42.88054574145994,6.844525737080608,550
1107,27,27,-47.502910413211914,17.78487686279691,550
1108,27,28,-50.90417386514902,30.527042136846333,550
1109,27,29,-52.736180864708174,44.77632963239409,550
1110,27,30,-52.759734772060966,59.642912549654675,550
1111,27,31,-50.96983930382952,73.9296533875162,550
1112,27,32,-47.59842719365996,86.72968060911938,550
1113,27,33,-42.991539730567226,97.73021936180184,550
1114,27,34,-37.484125976354164,107.06636395715725,550
1115,27,35,-31.34384396912065,115.05643536145405,550
1116,27,36,-24.767823213596998,122.03683405169373,550
1117,27,37,-17.89852096530217,128.30141525653772,550
1118,27,38,-10.84126301010599,134.09377084254538,550
1119,27,39,-3.678351419959823,139.61827373006182,550
1120,28,0,-0.07938015837909068,151.33710249661948,550
1121,28,1,7.1123809968927665,156.79595360583374,550
1122,28,2,14.239714131652336,162.42956193515198,550
1123,28,3,21.2274373460032,168.42881761149766,550
1124,28,4,27.982837652151606,175.01646676408325,550
1125,28,5,34.383339621478854,-177.53828188867868,550
1126,28,6,40.26034515696506,-168.9148948539708,550
1127,28,7,45.38097895885864,-158.76944114386055,550
1128,28,8,49.43809425037329,-146.8417861736189,550
1129,28,9,52.0752781002394,-133.18347055072275,550
1130,28,10,52.98067090114337,-118.41238050824812,550
1131,28,11,52.02915041767972,-103.66159661817593,550
1132,28,12,49.355196244416845,-90.05394733854293,550
1133,28,13,45.27538081919566,-78.18751135383211,550
1134,28,14,40.146110243096594,-68.09956100634422,550
1135,28,15,34.272294405952785,-59.524572692095035,550
1136,28,16,27.88416190921243,-52.118561009009774,550
1137,28,17,21.147956142179055,-45.56281908513189,550
1138,28,18,14.184215429551399,-39.59027969372472,550
1139,28,19,7.083916610413562,-33.980153554773004,550
1140,28,20,-0.07933461489114844,-28.5432205226053,550
1141,28,21,-7.239924534359,-23.10589646210762,550
1142,28,22,-14.332342595855112,-17.494651879679314,550
1143,28,23,-21.28319388774531,-11.520548374952208,550
1144,28,24,-28.001917785598035,-4.9633836372928455,550
1145,28,25,-34.36861714872289,2.44269143848565,550
1146,28,26,-40.21818922940774,11.01424779612032,550
1147,28,27,-45.32219835086151,21.091610496621033,550
1148,28,28,-49.378743321580465,32.93558881934086,550
1149,28,29,-52.03562543701289,46.5056242472146,550
1150,28,30,-52.98067431623795,61.207019039398425,550
1151,28,31,-52.08143210068158,75.92850141793126,550
1152,28,32,-49.46111198787623,89.54878654752878,550
1153,28,33,-45.42721592444504,101.45357404442923,550
1154,28,34,-40.3319016338047,111.58816092356996,550
1155,28,35,-34.479273043466264,120.20796893915276,550
1156,28,36,-28.10033398134875,127.65324396468185,550
1157,28,37,-21.362564100995442,134.24228647585812,550
1158,28,38,-14.38784129795605,140.2431130957129,550
1159,28,39,-7.268460210937667,145.877841576055,550
1160,29,0,3.5202679722803474,163.05582198015045,550
1161,29,1,10.688510951960533,168.57954622610148,550
1162,29,2,17.756283983383945,174.37049479314013,550
1163,29,3,24.64096611014235,-179.36650496343765,550
1164,29,4,31.23669196142149,-172.38700785816843,550
1165,29,5,37.40012489484677,-164.39552260471342,550
1166,29,6,42.93269765086757,-155.05269808434974,550
1167,29,7,47.56430356856657,-144.035917141821,550
1168,29,8,50.95634285002957,-131.2055297293571,550
1169,29,9,52.75820480968688,-116.87392137883776,550
1170,29,10,52.73448356269943,-101.95611204280209,550
1171,29,11,50.89023344905302,-87.66230878933877,550
1172,29,12,47.46821646732283,-74.89023753200846,550
1173,29,13,42.82113675605917,-63.933978895715185,550
1174,29,14,37.28617684892344,-54.64433764332381,550
1175,29,15,31.130844519853802,-46.69650412885436,550
1176,29,16,24.5511679055769,-39.752315686499514,550
1177,29,17,17.688308233216688,-33.51837129517761,550
1178,29,18,10.646248302697433,-27.752289739359703,550
1179,29,19,3.5059685443661026,-22.251065844081964,550
1180,29,20,-3.663963199586368,-16.835275662490037,550
1181,29,21,-10.79895937970787,-11.33327312564692,550
1182,29,22,-17.830596441553684,-5.565799065011976,550
1183,29,23,-24.67821113168643,0.6697467922268825,550
1184,29,24,-31.238314131349366,7.614866915073203,550
1185,29,25,-37.3706423832944,15.561383910580131,550
1186,29,26,-42.88054574145994,24.84453306816541,550
1187,29,27,-47.502910413211914,35.784884193881716,550
1188,29,28,-50.90417386514902,48.527049467931135,550
1189,29,29,-52.736180864708174,62.7763369634789,550
1190,29,30,-52.759734772060966,77.64291988073948,550
1191,29,31,-50.96983930382952,91.929660718601,550
1192,29,32,-47.59842719365996,104.72968794020419,550
1193,29,33,-42.991539730567226,115.73023352307581,550
1194,29,34,-37.484125976354164,125.06637811843122,550
1195,29,35,-31.34384396912065,133.05644269253887,550
1196,29,36,-24.767823213596998,140.03684138277853,550
1197,29,37,-17.89852096530217,146.3014225876225,550
1198,29,38,-10.84126301010599,152.09377817363017,550
1199,29,39,-3.678351419959823,157.6182810611466,550
1200,30,0,-0.07938015837909068,169.3371098277043,550
1201,30,1,7.1123809968927665,174.79596093691856,550
1202,30,2,14.239714131652336,-179.57042709129755,550
1203,30,3,21.2274373460032,-173.57117141495186,550
1204,30,4,27.982837652151606,-166.98352226236628,550
1205,30,5,34.383339621478854,-159.53827455759387,550
1206,30,6,40.26034515696506,-150.91488752288598,550
1207,30,7,45.38097895885864,-140.76943381277576,550
1208,30,8,49.43809425037329,-128.8417788425341,550
1209,30,9,52.0752781002394,-115.18346321963796,550
1210,30,10,52.98067090114337,-100.41237317716332,550
1211,30,11,52.02915041767972,-85.66158928709113,550
1212,30,12,49.355196244416845,-72.05394000745812,550
1213,30,13,45.27538081919566,-60.1875040227473,550
1214,30,14,40.146110243096594,-50.09955367525942,550
1215,30,15,34.272294405952785,-41.52456536101023,550
1216,30,16,27.88416190921243,-34.11855367792497,550
1217,30,17,21.147956142179055,-27.562811754047086,550
1218,30,18,14.184215429551399,-21.59027236263991,550
1219,30,19,7.083916610413562,-15.980146223688198,550
1220,30,20,-0.07933461489114844,-10.543213191520497,550
1221,30,21,-7.239924534359,-5.105889131022814,550
1222,30,22,-14.332342595855112,0.5053550778795182,550
1223,30,23,-21.28319388774531,6.479458529245773,550
1224,30,24,-28.001917785598035,13.03662412067878,550
1225,30,25,-34.36861714872289,20.442698129240217,550
1226,30,26,-40.21818922940774,29.014254273431476,550
1227,30,27,-45.32219835086151,39.09161782770584,550
1228,30,28,-49.378743321580465,50.93559615042566,550
1229,30,29,-52.03562543701289,64.5056315782994,550
1230,30,30,-52.98067431623795,79.20702637048323,550
1231,30,31,-52.08143210068158,93.92850874901606,550
1232,30,32,-49.46111198787623,107.5487938786136,550
1233,30,33,-45.42721592444504,119.45357454532487,550
1234,30,34,-40.3319016338047,129.58816825465476,550
1235,30,35,-34.479273043466264,138.20797627023757,550
1236,30,36,-28.10033398134875,145.65325129576667,550
1237,30,37,-21.362564100995442,152.24229380694294,550
1238,30,38,-14.38784129795605,158.24312042679773,550
1239,30,39,-7.268460210937667,163.87784890713982,550
1240,31,0,3.5202679722803474,-178.94418070667743,550
1241,31,1,10.688510951960533,-173.42044280034804,550
1242,31,2,17.756283983383945,-167.6294942333094,550
1243,31,3,24.64096611014235,-161.36649763235286,550
1244,31,4,31.23669196142149,-154.38700052708361,550
1245,31,5,37.40012489484677,-146.39551527362863,550
1246,31,6,42.93269765086757,-137.05269075326493,550
1247,31,7,47.56430356856657,-126.03590981073619,550
1248,31,8,50.95634285002957,-113.20552922846147,550
1249,31,9,52.75820480968688,-98.8739072175638,550
1250,31,10,52.73448356269943,-83.95610471171729,550
1251,31,11,50.89023344905302,-69.66230145825396,550
1252,31,12,47.46821646732283,-56.89023020092365,550
1253,31,13,42.82113675605917,-45.93397156463038,550
1254,31,14,37.28617684892344,-36.644330312239006,550
1255,31,15,31.130844519853802,-28.69649679776956,550
1256,31,16,24.5511679055769,-21.75230835541471,550
1257,31,17,17.688308233216688,-15.518363964092806,550
1258,31,18,10.646248302697433,-9.7522824082749,550
1259,31,19,3.5059685443661026,-4.251058939883984,550
1260,31,20,-3.663963199586368,1.164732308924999,550
1261,31,21,-10.79895937970787,6.666734632324706,550
1262,31,22,-17.830596441553684,12.434208266072826,550
1263,31,23,-24.67821113168643,18.669753482981452,550
1264,31,24,-31.238314131349366,25.614874246158006,550
1265,31,25,-37.3706423832944,33.561391241664936,550
1266,31,26,-42.88054574145994,42.844540399250214,550
1267,31,27,-47.502910413211914,53.78489152496652,550
1268,31,28,-50.90417386514902,66.52705338392136,550
1269,31,29,-52.736180864708174,80.7763442945637,550
1270,31,30,-52.759734772060966,95.64292721182429,550
1271,31,31,-50.96983930382952,109.9296680496858,550
1272,31,32,-47.59842719365996,122.72970210147815,550
1273,31,33,-42.991539730567226,133.73024085416063,550
1274,31,34,-37.484125976354164,143.06638544951602,550
1275,31,35,-31.34384396912065,151.05645002362365,550
1276,31,36,-24.767823213596998,158.03684871386332,550
1277,31,37,-17.89852096530217,164.30142991870733,550
1278,31,38,-10.84126301010599,170.093785504715,550
1279,31,39,-3.678351419959823,175.61828839223142,550
1280,32,0,-0.07938015837909068,-172.6628928591236,550
1281,32,1,7.1123809968927665,-167.20402808953096,550
1282,32,2,14.239714131652336,-161.57041976021276,550
1283,32,3,21.2274373460032,-155.57116408386707,550
1284,32,4,27.982837652151606,-148.98351493128146,550
1285,32,5,34.383339621478854,-141.53826722650908,550
1286,32,6,40.26034515696506,-132.91488019180116,550
1287,32,7,45.38097895885864,-122.76942648169096,550
1288,32,8,49.43809425037329,-110.84177151144931,550
1289,32,9,52.0752781002394,-97.18345588855314,550
1290,32,10,52.98067090114337,-82.41236584607852,550
1291,32,11,52.02915041767972,-67.66158195600633,550
1292,32,12,49.355196244416845,-54.05393267637332,550
1293,32,13,45.27538081919566,-42.187500106757085,550
1294,32,14,40.146110243096594,-32.09954634417461,550
1295,32,15,34.272294405952785,-23.524558029925426,550
1296,32,16,27.88416190921243,-16.118546346840166,550
1297,32,17,21.147956142179055,-9.562803569188636,550
1298,32,18,14.184215429551399,-3.5902650315551075,550
1299,32,19,7.083916610413562,2.0198606805097827,550
1300,32,20,-0.07933461489114844,7.456794139564305,550
1301,32,21,-7.239924534359,12.894118200061989,550
1302,32,22,-14.332342595855112,18.50536278249029,550
1303,32,23,-21.28319388774531,24.4794662872174,550
1304,32,24,-28.001917785598035,31.036632305537232,550
1305,32,25,-34.36861714872289,38.44270546032502,550
1306,32,26,-40.21818922940774,47.01426160451628,550
1307,32,27,-45.32219835086151,57.09162515879064,550
1308,32,28,-49.378743321580465,68.93560348151047,550
1309,32,29,-52.03562543701289,82.5056389093842,550
1310,32,30,-52.98067431623795,97.20703370156804,550
1311,32,31,-52.08143210068158,111.92851608010086,550
1312,32,32,-49.46111198787623,125.54879437950922,550
1313,32,33,-45.42721592444504,137.45358187640966,550
1314,32,34,-40.3319016338047,147.58817558573958,550
1315,32,35,-34.479273043466264,156.20798360132238,550
1316,32,36,-28.10033398134875,163.65325862685145,550
1317,32,37,-21.362564100995442,170.24230113802773,550
1318,32,38,-14.38784129795605,176.24312775788252,550
1319,32,39,-7.268460210937667,-178.12215377968803,550
1320,33,0,3.5202679722803474,-160.9441733755926,550
1321,33,1,10.688510951960533,-155.42043546926323,550
1322,33,2,17.756283983383945,-149.62948690222458,550
1323,33,3,24.64096611014235,-143.36649030126804,550
1324,33,4,31.23669196142149,-136.38699319599883,550
1325,33,5,37.40012489484677,-128.39550794254382,550
1326,33,6,42.93269765086757,-119.05268342218014,550
1327,33,7,47.56430356856657,-108.03589564946222,550
1328,33,8,50.95634285002957,-95.20552189737667,550
1329,33,9,52.75820480968688,-80.873899886479,550
1330,33,10,52.73448356269943,-65.95609738063249,550
1331,33,11,50.89023344905302,-51.66229071207458,550
1332,33,12,47.46821646732283,-38.890222869838844,550
1333,33,13,42.82113675605917,-27.933965941092872,550
1334,33,14,37.28617684892344,-18.6443229811542,550
1335,33,15,31.130844519853802,-10.696487759137462,550
1336,33,16,24.5511679055769,-3.752301024329905,550
1337,33,17,17.688308233216688,2.4816431535485863,550
1338,33,18,10.646248302697433,8.247724922809905,550
1339,33,19,3.5059685443661026,13.748948818087642,550
1340,33,20,-3.663963199586368,19.164738999679567,550
1341,33,21,-10.79895937970787,24.666741536522686,550
1342,33,22,-17.830596441553684,30.434216450931277,550
1343,33,23,-24.67821113168643,36.66976252161355,550
1344,33,24,-31.238314131349366,43.61487986969552,550
1345,33,25,-37.3706423832944,51.56139857274974,550
1346,33,26,-42.88054574145994,60.844547730335016,550
1347,33,27,-47.502910413211914,71.78489885605133,550
1348,33,28,-50.90417386514902,84.52706071500616,550
1349,33,29,-52.736180864708174,98.7763516256485,550
1350,33,30,-52.759734772060966,113.64293454290909,550
1351,33,31,-50.96983930382952,127.9296753807706,550
1352,33,32,-47.59842719365996,140.72970943256297,550
1353,33,33,-42.991539730567226,151.73024818524542,550
1354,33,34,-37.484125976354164,161.06639278060084,550
1355,33,35,-31.34384396912065,169.05645735470847,550
1356,33,36,-24.767823213596998,176.03685604494814,550
1357,33,37,-17.89852096530217,-177.6985591077422,550
1358,33,38,-10.84126301010599,-171.90620352173454,550
1359,33,39,-3.678351419959823,-166.3817006342181,550
1360,34,0,-0.07938015837909068,-154.66291284879546,550
1361,34,1,7.1123809968927665,-149.20404807920283,550
1362,34,2,14.239714131652336,-143.57043974988463,550
1363,34,3,21.2274373460032,-137.57118407353894,550
1364,34,4,27.982837652151606,-130.98353492095336,550
1365,34,5,34.383339621478854,-123.53828721618095,550
1366,34,6,40.26034515696506,-114.91490018147304,550
1367,34,7,45.38097895885864,-104.76944647136283,550
1368,34,8,49.43809425037329,-92.84179150112118,550
1369,34,9,52.0752781002394,-79.18347587822502,550
1370,34,10,52.98067090114337,-64.41238583575038,550
1371,34,11,52.02915041767972,-49.6616019456782,550
1372,34,12,49.355196244416845,-36.0539526660452,550
1373,34,13,45.27538081919566,-24.187518388881667,550
1374,34,14,40.146110243096594,-14.099565480072846,550
1375,34,15,34.272294405952785,-5.524577165823658,550
1376,34,16,27.88416190921243,1.8814334500445458,550
1377,34,17,21.147956142179055,8.437176441139487,550
1378,34,18,14.184215429551399,14.409714978773016,550
1379,34,19,7.083916610413562,20.01984111772473,550
1380,34,20,-0.07933461489114844,25.45677414989243,550
1381,34,21,-7.239924534359,30.89409650284282,550
1382,34,22,-14.332342595855112,36.50534279281842,550
1383,34,23,-21.28319388774531,42.47944629754552,550
1384,34,24,-28.001917785598035,49.036612315865355,550
1385,34,25,-34.36861714872289,56.442685470653146,550
1386,34,26,-40.21818922940774,65.01424161484441,550
1387,34,27,-45.32219835086151,75.09160516911876,550
1388,34,28,-49.378743321580465,86.93558349183859,550
1389,34,29,-52.03562543701289,100.50561891971233,550
1390,34,30,-52.98067431623795,115.20701371189615,550
1391,34,31,-52.08143210068158,129.92850292061814,550
1392,34,32,-49.46111198787623,143.54877438983735,550
1393,34,33,-45.42721592444504,155.4535618867378,550
1394,34,34,-40.3319016338047,165.58815559606768,550
1395,34,35,-34.479273043466264,174.2079636116505,550
1396,34,36,-28.10033398134875,-178.3467713807331,550
1397,34,37,-21.362564100995442,-171.75771520917846,550
1398,34,38,-14.38784129795605,-165.7568885893237,550
1399,34,39,-7.268460210937667,-160.12217376935993,550
1400,35,0,3.5202679722803474,-142.94419336526448,550
1401,35,1,10.688510951960533,-137.4204554589351,550
1402,35,2,17.756283983383945,-131.62950689189648,550
1403,35,3,24.64096611014235,-125.36651029093993,550
1404,35,4,31.23669196142149,-118.3870131856707,550
1405,35,5,37.40012489484677,-110.39553476240486,550
1406,35,6,42.93269765086757,-101.05270341185201,550
1407,35,7,47.56430356856657,-90.03591563913409,550
1408,35,8,50.95634285002957,-77.20554188704854,550
1409,35,9,52.75820480968688,-62.873919876150865,550
1410,35,10,52.73448356269943,-47.956120785398944,550
1411,35,11,50.89023344905302,-33.662310701746456,550
1412,35,12,47.46821646732283,-20.890244567058012,550
1413,35,13,42.82113675605917,-9.933985076991101,550
1414,35,14,37.28617684892344,-0.6443424905784019,550
1415,35,15,31.130844519853802,7.303492251190662,550
1416,35,16,24.5511679055769,14.247678985998219,550
1417,35,17,17.688308233216688,20.481623377320123,550
1418,35,18,10.646248302697433,26.247704933138028,550
1419,35,19,3.5059685443661026,31.748928828415767,550
1420,35,20,-3.663963199586368,37.164719010007694,550
1421,35,21,-10.79895937970787,42.6667232543981,550
1422,35,22,-17.830596441553684,48.4341964612594,550
1423,35,23,-24.67821113168643,54.66974253194167,550
1424,35,24,-31.238314131349366,61.61486329511823,550
1425,35,25,-37.3706423832944,69.56137858307785,550
1426,35,26,-42.88054574145994,78.84452774066314,550
1427,35,27,-47.502910413211914,89.78487886637944,550
1428,35,28,-50.90417386514902,102.52704072533429,550
1429,35,29,-52.736180864708174,116.77633163597662,550
1430,35,30,-52.759734772060966,131.64290772304804,550
1431,35,31,-50.96983930382952,145.92965539109872,550
1432,35,32,-47.59842719365996,158.72968944289107,550
1433,35,33,-42.991539730567226,169.73022819557355,550
1434,35,34,-37.484125976354164,179.06637279092894,550
1435,35,35,-31.34384396912065,-172.94357265287607,550
1436,35,36,-24.767823213596998,-165.9631739626364,550
1437,35,37,-17.89852096530217,-159.69857909741407,550
1438,35,38,-10.84126301010599,-153.9062235114064,550
1439,35,39,-3.678351419959823,-148.38172062388998,550
1440,36,0,-0.07938015837909068,-136.66290551771064,550
1441,36,1,7.1123809968927665,-131.20404074811805,550
1442,36,2,14.239714131652336,-125.57043241879983,550
1443,36,3,21.2274373460032,-119.57117674245414,550
1444,36,4,27.982837652151606,-112.98352758986854,550
1445,36,5,34.383339621478854,-105.53827988509614,550
1446,36,6,40.26034515696506,-96.91489285038824,550
1447,36,7,45.38097895885864,-86.76943914027802,550
1448,36,8,49.43809425037329,-74.84178417003638,550
1449,36,9,52.0752781002394,-61.18346854714022,550
1450,36,10,52.98067090114337,-46.41238191976017,550
1451,36,11,52.02915041767972,-31.661594614593398,550
1452,36,12,49.355196244416845,-18.053945334960392,550
1453,36,13,45.27538081919566,-6.187511484683687,550
1454,36,14,40.146110243096594,3.9004418510119576,550
1455,36,15,34.272294405952785,12.475430165261146,550
1456,36,16,27.88416190921243,19.88144099457276,550
1457,36,17,21.147956142179055,26.437182918450645,550
1458,36,18,14.184215429551399,32.40972230985782,550
1459,36,19,7.083916610413562,38.01984844880953,550
1460,36,20,-0.07933461489114844,43.456781480977234,550
1461,36,21,-7.239924534359,48.89410383392762,550
1462,36,22,-14.332342595855112,54.50535012390322,550
1463,36,23,-21.28319388774531,60.479453628630324,550
1464,36,24,-28.001917785598035,67.03661964695016,550
1465,36,25,-34.36861714872289,74.44269621683253,550
1466,36,26,-40.21818922940774,83.01424894592921,550
1467,36,27,-45.32219835086151,93.09161250020357,550
1468,36,28,-49.378743321580465,104.93559082292339,550
1469,36,29,-52.03562543701289,118.50562625079714,550
1470,36,30,-52.98067431623795,133.20702104298095,550
1471,36,31,-52.08143210068158,147.92851025170296,550
1472,36,32,-49.46111198787623,161.54878172092214,550
1473,36,33,-45.42721592444504,173.4535692178226,550
1474,36,34,-40.3319016338047,-176.41183343038185,550
1475,36,35,-34.479273043466264,-167.792025414799,550
1476,36,36,-28.10033398134875,-160.34676404964827,550
1477,36,37,-21.362564100995442,-153.75770787809367,550
1478,36,38,-14.38784129795605,-147.75688125823888,550
1479,36,39,-7.268460210937667,-142.12216643827512,550
1480,37,0,3.5202679722803474,-124.9441860341797,550
1481,37,1,10.688510951960533,-119.4204481278503,550
1482,37,2,17.756283983383945,-113.62949956081167,550
1483,37,3,24.64096611014235,-107.36649612966595,550
1484,37,4,31.23669196142149,-100.38701268477506,550
1485,37,5,37.40012489484677,-92.39552743132006,550
1486,37,6,42.93269765086757,-83.0526960807672,550
1487,37,7,47.56430356856657,-72.03590830804929,550
1488,37,8,50.95634285002957,-59.20553455596374,550
1489,37,9,52.75820480968688,-44.873915960160645,550
1490,37,10,52.73448356269943,-29.95611345431414,550
1491,37,11,50.89023344905302,-15.662303370661654,550
1492,37,12,47.46821646732283,-2.8902370225297966,550
1493,37,13,42.82113675605917,8.066022254093701,550
1494,37,14,37.28617684892344,17.355664360258725,550
1495,37,15,31.130844519853802,25.303499582275464,550
1496,37,16,24.5511679055769,32.24768631708302,550
1497,37,17,17.688308233216688,38.48163070840492,550
1498,37,18,10.646248302697433,44.247713971770125,550
1499,37,19,3.5059685443661026,49.748936159500566,550
1500,37,20,-3.663963199586368,55.164726341092496,550
1501,37,21,-10.79895937970787,60.6667305854829,550
1502,37,22,-17.830596441553684,66.4342037923442,550
1503,37,23,-24.67821113168643,72.66974986302647,550
1504,37,24,-31.238314131349366,79.61487062620303,550
1505,37,25,-37.3706423832944,87.56138591416267,550
1506,37,26,-42.88054574145994,96.84453507174794,550
1507,37,27,-47.502910413211914,107.78488619746425,550
1508,37,28,-50.90417386514902,120.52704805641909,550
1509,37,29,-52.736180864708174,134.77633896706143,550
1510,37,30,-52.759734772060966,149.64291505413283,550
1511,37,31,-50.96983930382952,163.92966272218354,550
1512,37,32,-47.59842719365996,176.7296967739759,550
1513,37,33,-42.991539730567226,-172.2697744912543,550
1514,37,34,-37.484125976354164,-162.93362989589892,550
1515,37,35,-31.34384396912065,-154.94356532179128,550
1516,37,36,-24.767823213596998,-147.96316663155162,550
1517,37,37,-17.89852096530217,-141.69857176632928,550
1518,37,38,-10.84126301010599,-135.90621618032162,550
1519,37,39,-3.678351419959823,-130.3817132928052,550
1520,38,0,-0.07938015837909068,-118.66289818662585,550
1521,38,1,7.1123809968927665,-113.20403341703323,550
1522,38,2,14.239714131652336,-107.57043191790419,550
1523,38,3,21.2274373460032,-101.5711762415585,550
1524,38,4,27.982837652151606,-94.98352025878374,550
1525,38,5,34.383339621478854,-87.53827255401134,550
1526,38,6,40.26034515696506,-78.91488551930344,550
1527,38,7,45.38097895885864,-68.76943180919322,550
1528,38,8,49.43809425037329,-56.841780254046164,550
1529,38,9,52.0752781002394,-43.18345780096083,550
1530,38,10,52.98067090114337,-28.412372881128075,550
1531,38,11,52.02915041767972,-13.661588991055886,550
1532,38,12,49.355196244416845,-0.05393867755635844,550
1533,38,13,45.27538081919566,11.812495419514294,550
1534,38,14,40.146110243096594,21.900450035870406,550
1535,38,15,34.272294405952785,30.475436642572305,550
1536,38,16,27.88416190921243,37.881448325657566,550
1537,38,17,21.147956142179055,44.43719024953545,550
1538,38,18,14.184215429551399,50.40972964094262,550
1539,38,19,7.083916610413562,56.019855779894336,550
1540,38,20,-0.07933461489114844,61.45678539696745,550
1541,38,21,-7.239924534359,66.89411458010701,550
1542,38,22,-14.332342595855112,72.50535403989343,550
1543,38,23,-21.28319388774531,78.47946095971513,550
1544,38,24,-28.001917785598035,85.03662697803496,550
1545,38,25,-34.36861714872289,92.44270354791733,550
1546,38,26,-40.21818922940774,101.01425627701401,550
1547,38,27,-45.32219835086151,111.09161983128837,550
1548,38,28,-49.378743321580465,122.93559132381903,550
1549,38,29,-52.03562543701289,136.50563358188194,550
1550,38,30,-52.98067431623795,151.20702837406577,550
1551,38,31,-52.08143210068158,165.92851758278778,550
1552,38,32,-49.46111198787623,179.54878905200695,550
1553,38,33,-45.42721592444504,-168.54641980862692,550
1554,38,34,-40.3319016338047,-158.41182609929703,550
1555,38,35,-34.479273043466264,-149.79201808371423,550
1556,38,36,-28.10033398134875,-142.34675671856348,550
1557,38,37,-21.362564100995442,-135.75770054700885,550
1558,38,38,-14.38784129795605,-129.7568739271541,550
1559,38,39,-7.268460210937667,-124.12215910719031,550
1560,39,0,3.5202679722803474,-106.94417187290571,550
1561,39,1,10.688510951960533,-101.42044762695467,550
1562,39,2,17.756283983383945,-95.62949222972686,550
1563,39,3,24.64096611014235,-89.36648879858114,550
1564,39,4,31.23669196142149,-82.38700535369026,550
1565,39,5,37.40012489484677,-74.39552010023526,550
1566,39,6,42.93269765086757,-65.0526887496824,550
1567,39,7,47.56430356856657,-54.035904392059074,550
1568,39,8,50.95634285002957,-41.20552380978435,550
1569,39,9,52.75820480968688,-26.873908629075846,550
1570,39,10,52.73448356269943,-11.956104415682043,550
1571,39,11,50.89023344905302,2.3377033200929143,550
1572,39,12,47.46821646732283,15.109770095111596,550
1573,39,13,42.82113675605917,26.06602873140486,550
1574,39,14,37.28617684892344,35.35567169134353,550
1575,39,15,31.130844519853802,43.303505205812975,550
1576,39,16,24.5511679055769,50.247693648167825,550
1577,39,17,17.688308233216688,56.48163803948973,550
1578,39,18,10.646248302697433,62.24772130285493,550
1579,39,19,3.5059685443661026,67.7489400754908,550
1580,39,20,-3.663963199586368,73.16473367217729,550
1581,39,21,-10.79895937970787,78.66673791656771,550
1582,39,22,-17.830596441553684,84.43421112342901,550
1583,39,23,-24.67821113168643,90.66975719411128,550
1584,39,24,-31.238314131349366,97.61487795728783,550
1585,39,25,-37.3706423832944,105.56139324524747,550
1586,39,26,-42.88054574145994,114.84453557264358,550
1587,39,27,-47.502910413211914,125.78488669835988,550
1588,39,28,-50.90417386514902,138.52705538750388,550
1589,39,29,-52.736180864708174,152.77634629814622,550
1590,39,30,-52.759734772060966,167.64292238521764,550
1591,39,31,-50.96983930382952,-178.070326304266,550
1592,39,32,-47.59842719365996,-165.27030591285197,550
1593,39,33,-42.991539730567226,-154.26976716016952,550
1594,39,34,-37.484125976354164,-144.9336225648141,550
1595,39,35,-31.34384396912065,-136.94355799070647,550
1596,39,36,-24.767823213596998,-129.9631593004668,550
1597,39,37,-17.89852096530217,-123.69856443524446,550
1598,39,38,-10.84126301010599,-117.90620884923682,550
1599,39,39,-3.678351419959823,-112.38170596172039,550
